0 1
2 0
2 1
3 1
3 0
4 1
4 0
5 2
5 0
6 0
6 5
7 2
7 2
8 0
8 0
9 6
9 5
10 0
10 2
11 8
11 0
12 0
12 2
13 1
13 1
14 6
14 2
15 2
15 7
16 2
16 2
17 2
17 13
18 2
18 2
19 0
19 2
20 15
20 17
21 3
21 20
22 0
22 7
23 2
23 13
24 11
24 14
25 19
25 19
26 6
26 2
27 23
27 5
28 8
28 23
29 15
29 2
30 20
30 24
31 13
31 3
32 17
32 0
33 14
33 5
34 32
34 15
35 0
35 25
36 0
36 23
37 2
37 20
38 33
38 2
39 12
39 4
40 6
40 2
41 15
41 17
42 0
42 12
43 19
43 39
44 0
44 33
45 15
45 13
46 8
46 18
47 0
47 6
48 35
48 21
49 27
49 16
50 5
50 3
51 42
51 39
52 0
52 0
53 15
53 0
54 1
54 19
55 13
55 0
56 2
56 18
57 1
57 0
58 13
58 25
59 23
59 0
60 45
60 48
61 42
61 6
62 38
62 27
63 34
63 21
64 0
64 27
65 2
65 6
66 5
66 18
67 50
67 42
68 21
68 22
69 14
69 6
70 6
70 23
71 42
71 69
72 23
72 19
73 24
73 33
74 40
74 2
75 3
75 69
76 71
76 11
77 2
77 63
78 72
78 4
79 14
79 41
80 69
80 24
81 36
81 15
82 25
82 40
83 2
83 2
84 0
84 23
85 6
85 39
86 13
86 19
87 67
87 19
88 15
88 1
89 0
89 69
90 52
90 6
91 72
91 5
92 23
92 37
93 19
93 6
94 91
94 79
95 15
95 30
96 19
96 15
97 4
97 77
98 0
98 46
99 55
99 50
100 35
100 66
101 5
101 66
102 16
102 94
103 5
103 69
104 30
104 12
105 0
105 4
106 4
106 41
107 21
107 89
108 63
108 84
109 108
109 46
110 40
110 6
111 37
111 1
112 95
112 0
113 17
113 24
114 105
114 64
115 54
115 0
116 0
116 109
117 0
117 8
118 36
118 14
119 2
119 5
120 5
120 42
121 25
121 0
122 8
122 77
123 80
123 16
124 0
124 84
125 44
125 95
126 94
126 69
127 2
127 13
128 42
128 39
129 27
129 89
130 87
130 77
131 49
131 46
132 17
132 22
133 2
133 84
134 91
134 19
135 13
135 93
136 21
136 2
137 17
137 21
138 3
138 69
139 115
139 105
140 11
140 0
141 54
141 21
142 11
142 15
143 7
143 43
144 20
144 43
145 94
145 19
146 31
146 66
147 53
147 113
148 108
148 57
149 39
149 2
150 36
150 83
151 129
151 22
152 144
152 110
153 0
153 15
154 66
154 55
155 151
155 24
156 53
156 118
157 59
157 103
158 104
158 81
159 148
159 14
160 19
160 1
161 116
161 69
162 23
162 27
163 8
163 15
164 18
164 133
165 109
165 2
166 125
166 61
167 88
167 0
168 23
168 69
169 5
169 43
170 53
170 2
171 19
171 6
172 23
172 1
173 51
173 19
174 95
174 69
175 118
175 109
176 2
176 173
177 2
177 52
178 131
178 0
179 0
179 50
180 129
180 24
181 38
181 66
182 167
182 5
183 97
183 42
184 167
184 8
185 16
185 12
186 106
186 0
187 15
187 162
188 8
188 1
189 95
189 15
190 15
190 15
191 93
191 39
192 35
192 67
193 48
193 24
194 0
194 0
195 19
195 178
196 0
196 8
197 0
197 138
198 51
198 35
199 133
199 21
200 7
200 23
201 55
201 2
202 18
202 51
203 163
203 33
204 24
204 2
205 51
205 155
206 5
206 15
207 35
207 6
208 39
208 13
209 5
209 114
210 118
210 51
211 146
211 83
212 20
212 159
213 21
213 15
214 72
214 128
215 22
215 166
216 118
216 107
217 37
217 157
218 8
218 35
219 125
219 97
220 154
220 84
221 163
221 85
222 39
222 105
223 142
223 176
224 93
224 23
225 13
225 84
226 174
226 131
227 181
227 1
228 51
228 69
229 6
229 56
230 12
230 69
231 105
231 106
232 107
232 20
233 5
233 53
234 74
234 115
235 63
235 223
236 23
236 35
237 213
237 30
238 163
238 15
239 35
239 182
240 182
240 21
241 160
241 29
242 42
242 12
243 124
243 37
244 69
244 118
245 55
245 11
246 0
246 42
247 15
247 93
248 37
248 119
249 8
249 8
250 66
250 8
251 5
251 13
252 18
252 131
253 223
253 248
254 69
254 182
255 0
255 152
256 98
256 226
257 75
257 126
258 39
258 24
259 46
259 2
260 243
260 3
261 77
261 39
262 212
262 86
263 8
263 118
264 162
264 19
265 0
265 131
266 33
266 197
267 13
267 63
268 8
268 27
269 63
269 221
270 53
270 222
271 2
271 159
272 42
272 249
273 97
273 166
274 5
274 132
275 49
275 126
276 19
276 242
277 144
277 179
278 17
278 42
279 134
279 32
280 0
280 263
281 194
281 24
282 150
282 17
283 0
283 152
284 5
284 212
285 87
285 69
286 186
286 209
287 243
287 164
288 51
288 69
289 69
289 3
290 48
290 214
291 15
291 17
292 32
292 23
293 42
293 125
294 194
294 24
295 22
295 85
296 1
296 126
297 19
297 19
298 237
298 162
299 2
299 29
300 53
300 15
301 153
301 131
302 44
302 111
303 27
303 8
304 53
304 189
305 123
305 51
306 167
306 154
307 1
307 163
308 57
308 254
309 84
309 14
310 118
310 279
311 2
311 154
312 19
312 1
313 153
313 1
314 214
314 17
315 69
315 80
316 16
316 0
317 291
317 83
318 94
318 69
319 25
319 0
320 316
320 156
321 152
321 19
322 212
322 282
323 25
323 39
324 50
324 146
325 56
325 18
326 94
326 148
327 52
327 144
328 256
328 17
329 271
329 313
330 54
330 45
331 8
331 62
332 19
332 0
333 0
333 280
334 111
334 187
335 23
335 66
336 165
336 105
337 118
337 0
338 24
338 183
339 164
339 151
340 266
340 81
341 2
341 134
342 93
342 151
343 148
343 46
344 222
344 5
345 118
345 189
346 0
346 11
347 85
347 11
348 94
348 245
349 215
349 286
350 2
350 0
351 26
351 317
352 76
352 17
353 148
353 86
354 159
354 284
355 51
355 350
356 5
356 50
357 103
357 182
358 49
358 144
359 69
359 320
360 19
360 289
361 51
361 24
362 46
362 0
363 167
363 115
364 94
364 122
365 158
365 346
366 152
366 15
367 331
367 188
368 100
368 1
369 257
369 158
370 257
370 151
371 303
371 281
372 27
372 8
373 212
373 263
374 196
374 12
375 229
375 39
376 0
376 66
377 22
377 3
378 21
378 16
379 14
379 107
380 0
380 21
381 0
381 106
382 162
382 197
383 148
383 244
384 19
384 25
385 230
385 162
386 317
386 12
387 13
387 214
388 44
388 165
389 129
389 257
390 45
390 0
391 30
391 2
392 10
392 158
393 141
393 262
394 95
394 2
395 0
395 0
396 169
396 0
397 391
397 282
398 342
398 81
399 265
399 69
400 152
400 79
401 55
401 15
402 5
402 46
403 8
403 0
404 109
404 19
405 15
405 40
406 41
406 110
407 355
407 13
408 2
408 206
409 213
409 289
410 12
410 136
411 277
411 386
412 6
412 119
413 84
413 5
414 281
414 239
415 38
415 84
416 108
416 349
417 151
417 49
418 309
418 111
419 237
419 362
420 293
420 0
421 303
421 363
422 0
422 93
423 57
423 17
424 223
424 8
425 81
425 38
426 2
426 320
427 236
427 0
428 335
428 21
429 320
429 84
430 131
430 209
431 2
431 215
432 127
432 222
433 62
433 37
434 170
434 153
435 239
435 164
436 55
436 162
437 17
437 434
438 5
438 13
439 24
439 15
440 184
440 418
441 6
441 118
442 58
442 194
443 2
443 337
444 34
444 272
445 35
445 127
446 223
446 367
447 162
447 264
448 285
448 171
449 0
449 243
450 0
450 162
451 144
451 144
452 439
452 4
453 241
453 156
454 215
454 148
455 128
455 164
456 395
456 170
457 93
457 40
458 12
458 1
459 324
459 61
460 1
460 85
461 0
461 412
462 24
462 52
463 214
463 5
464 241
464 13
465 249
465 439
466 157
466 331
467 453
467 187
468 5
468 6
469 351
469 406
470 17
470 74
471 14
471 401
472 293
472 162
473 231
473 415
474 196
474 60
475 6
475 35
476 238
476 126
477 145
477 364
478 206
478 39
479 111
479 364
480 308
480 4
481 236
481 239
482 55
482 20
483 275
483 118
484 159
484 335
485 35
485 17
486 57
486 335
487 427
487 277
488 226
488 226
489 85
489 150
490 76
490 18
491 94
491 19
492 264
492 285
493 153
493 209
494 69
494 69
495 148
495 366
496 320
496 97
497 1
497 42
498 0
498 5
499 207
499 17
500 318
500 451
501 23
501 2
502 448
502 324
503 84
503 244
504 188
504 159
505 58
505 0
506 2
506 20
507 442
507 18
508 432
508 48
509 0
509 18
510 76
510 319
511 13
511 6
512 44
512 0
513 367
513 309
514 20
514 6
515 442
515 334
516 15
516 333
517 161
517 5
518 152
518 512
519 447
519 15
520 13
520 162
521 345
521 341
522 395
522 73
523 58
523 14
524 77
524 2
525 377
525 163
526 115
526 19
527 169
527 249
528 85
528 6
529 385
529 158
530 374
530 0
531 1
531 3
532 245
532 13
533 229
533 125
534 15
534 5
535 311
535 60
536 482
536 313
537 2
537 2
538 285
538 128
539 39
539 59
540 46
540 478
541 421
541 0
542 42
542 495
543 2
543 129
544 23
544 261
545 8
545 446
546 53
546 129
547 474
547 8
548 484
548 118
549 270
549 469
550 487
550 478
551 178
551 286
552 6
552 303
553 293
553 32
554 151
554 0
555 63
555 499
556 6
556 66
557 415
557 120
558 491
558 404
559 181
559 105
560 381
560 410
561 155
561 477
562 438
562 232
563 83
563 17
564 407
564 105
565 155
565 201
566 0
566 514
567 514
567 130
568 94
568 204
569 149
569 8
570 288
570 431
571 45
571 144
572 438
572 102
573 464
573 8
574 40
574 8
575 419
575 15
576 1
576 140
577 223
577 147
578 517
578 363
579 433
579 294
580 178
580 42
581 114
581 301
582 239
582 83
583 100
583 515
584 19
584 119
585 13
585 127
586 88
586 0
587 129
587 248
588 27
588 33
589 430
589 454
590 106
590 478
591 144
591 61
592 239
592 136
593 101
593 186
594 16
594 568
595 62
595 152
596 246
596 478
597 152
597 521
598 487
598 103
599 17
599 31
600 217
600 194
601 175
601 209
602 47
602 550
603 118
603 43
604 197
604 37
605 71
605 304
606 341
606 169
607 358
607 213
608 116
608 264
609 162
609 58
610 169
610 316
611 84
611 580
612 298
612 40
613 511
613 420
614 262
614 200
615 76
615 136
616 116
616 16
617 2
617 35
618 544
618 222
619 18
619 131
620 508
620 362
621 304
621 391
622 403
622 39
623 596
623 5
624 220
624 363
625 23
625 20
626 212
626 266
627 0
627 523
628 0
628 136
629 28
629 578
630 2
630 93
631 239
631 200
632 484
632 74
633 314
633 75
634 71
634 52
635 435
635 211
636 39
636 188
637 45
637 262
638 17
638 79
639 260
639 240
640 1
640 15
641 5
641 32
642 31
642 535
643 7
643 331
644 314
644 95
645 223
645 87
646 188
646 214
647 201
647 321
648 8
648 194
649 21
649 504
650 535
650 558
651 362
651 355
652 461
652 418
653 77
653 8
654 27
654 348
655 460
655 77
656 320
656 226
657 80
657 391
658 286
658 0
659 148
659 3
660 6
660 26
661 529
661 283
662 213
662 51
663 286
663 558
664 74
664 24
665 0
665 0
666 517
666 46
667 0
667 3
668 338
668 58
669 82
669 37
670 657
670 61
671 495
671 295
672 154
672 417
673 209
673 459
674 2
674 395
675 95
675 151
676 5
676 13
677 2
677 8
678 110
678 53
679 469
679 212
680 29
680 469
681 149
681 53
682 215
682 62
683 69
683 293
684 0
684 26
685 0
685 414
686 239
686 615
687 6
687 5
688 264
688 5
689 526
689 5
690 169
690 37
691 3
691 678
692 176
692 23
693 692
693 451
694 8
694 199
695 493
695 151
696 129
696 156
697 191
697 263
698 560
698 58
699 62
699 77
700 568
700 52
701 214
701 31
702 278
702 42
703 79
703 305
704 188
704 100
705 496
705 323
706 562
706 658
707 43
707 396
708 320
708 580
709 18
709 76
710 271
710 703
711 214
711 420
712 69
712 0
713 490
713 115
714 26
714 16
715 2
715 97
716 2
716 90
717 361
717 61
718 255
718 159
719 3
719 563
720 69
720 479
721 1
721 635
722 698
722 14
723 244
723 324
724 316
724 11
725 5
725 134
726 299
726 163
727 304
727 644
728 257
728 35
729 77
729 218
730 507
730 37
731 412
731 376
732 32
732 477
733 105
733 15
734 443
734 66
735 14
735 117
736 342
736 24
737 12
737 75
738 19
738 108
739 35
739 114
740 255
740 277
741 8
741 631
742 215
742 17
743 226
743 229
744 151
744 531
745 402
745 242
746 40
746 12
747 19
747 348
748 646
748 141
749 129
749 642
750 81
750 637
751 311
751 18
752 116
752 5
753 90
753 42
754 43
754 144
755 439
755 159
756 265
756 207
757 93
757 387
758 707
758 435
759 717
759 330
760 7
760 79
761 447
761 90
762 205
762 263
763 43
763 76
764 752
764 162
765 15
765 539
766 118
766 118
767 96
767 157
768 7
768 391
769 587
769 215
770 647
770 145
771 2
771 546
772 427
772 226
773 212
773 196
774 276
774 8
775 704
775 218
776 59
776 5
777 283
777 467
778 415
778 568
779 13
779 162
780 690
780 523
781 589
781 2
782 281
782 149
783 146
783 299
784 415
784 0
785 189
785 19
786 322
786 194
787 48
787 276
788 162
788 482
789 251
789 63
790 133
790 13
791 101
791 622
792 494
792 60
793 82
793 0
794 97
794 97
795 8
795 1
796 0
796 352
797 223
797 51
798 19
798 519
799 752
799 17
800 249
800 369
801 16
801 727
802 514
802 69
803 411
803 495
804 364
804 607
805 15
805 301
806 663
806 222
807 2
807 482
808 60
808 61
809 3
809 0
810 562
810 98
811 316
811 32
812 89
812 622
813 704
813 417
814 72
814 665
815 493
815 52
816 669
816 102
817 48
817 201
818 371
818 319
819 635
819 238
820 221
820 126
821 289
821 322
822 286
822 52
823 526
823 289
824 183
824 449
825 384
825 199
826 616
826 249
827 56
827 44
828 622
828 784
829 446
829 25
830 13
830 2
831 261
831 639
832 252
832 8
833 33
833 426
834 72
834 51
835 434
835 13
836 53
836 752
837 48
837 6
838 194
838 356
839 0
839 5
840 206
840 0
841 415
841 151
842 547
842 53
843 55
843 380
844 257
844 161
845 415
845 29
846 209
846 349
847 481
847 0
848 314
848 1
849 30
849 239
850 338
850 2
851 420
851 43
852 45
852 313
853 454
853 27
854 41
854 13
855 335
855 185
856 435
856 97
857 31
857 322
858 786
858 144
859 477
859 30
860 194
860 1
861 797
861 209
862 476
862 91
863 479
863 304
864 319
864 93
865 617
865 2
866 667
866 730
867 158
867 115
868 568
868 36
869 144
869 660
870 305
870 277
871 467
871 17
872 94
872 708
873 237
873 65
874 129
874 0
875 611
875 660
876 114
876 166
877 28
877 98
878 769
878 359
879 605
879 796
880 585
880 196
881 415
881 84
882 309
882 14
883 419
883 299
884 719
884 144
885 602
885 305
886 597
886 710
887 151
887 458
888 713
888 8
889 25
889 204
890 27
890 383
891 445
891 354
892 6
892 499
893 37
893 572
894 0
894 829
895 253
895 0
896 302
896 0
897 2
897 272
898 23
898 874
899 151
899 463
900 250
900 40
901 159
901 862
902 312
902 69
903 402
903 45
904 18
904 61
905 294
905 240
906 295
906 40
907 2
907 268
908 0
908 194
909 1
909 13
910 159
910 395
911 2
911 166
912 33
912 554
913 59
913 361
914 159
914 289
915 494
915 222
916 6
916 21
917 97
917 19
918 313
918 912
919 784
919 579
920 430
920 115
921 631
921 877
922 2
922 422
923 314
923 260
924 159
924 14
925 522
925 468
926 182
926 81
927 424
927 21
928 297
928 243
929 84
929 370
930 862
930 15
931 29
931 337
932 125
932 737
933 571
933 326
934 182
934 642
935 474
935 391
936 257
936 438
937 392
937 2
938 744
938 0
939 907
939 31
940 14
940 1
941 477
941 79
942 624
942 157
943 20
943 749
944 33
944 158
945 348
945 692
946 148
946 212
947 5
947 540
948 337
948 20
949 746
949 261
950 51
950 0
951 176
951 365
952 580
952 456
953 72
953 829
954 303
954 3
955 170
955 244
956 33
956 491
957 39
957 2
958 0
958 545
959 126
959 0
960 39
960 43
961 13
961 79
962 221
962 233
963 0
963 187
964 107
964 418
965 256
965 947
966 655
966 79
967 95
967 880
968 167
968 28
969 155
969 259
970 711
970 681
971 53
971 742
972 611
972 13
973 27
973 322
974 8
974 494
975 264
975 428
976 55
976 273
977 50
977 158
978 159
978 396
979 46
979 288
980 823
980 196
981 810
981 0
982 2
982 880
983 160
983 395
984 648
984 534
985 154
985 735
986 262
986 35
987 24
987 49
988 879
988 126
989 130
989 749
990 5
990 103
991 2
991 28
992 93
992 799
993 2
993 585
994 703
994 139
995 759
995 387
996 39
996 6
997 169
997 183
998 714
998 302
999 876
999 20
1000 36
1000 124
1001 325
1001 429
1002 44
1002 584
1003 96
1003 349
1004 354
1004 157
1005 711
1005 39
1006 215
1006 895
1007 53
1007 697
1008 0
1008 69
1009 958
1009 102
1010 23
1010 315
1011 108
1011 411
1012 306
1012 13
1013 42
1013 266
1014 35
1014 165
1015 138
1015 17
1016 17
1016 162
1017 890
1017 169
1018 81
1018 395
1019 1012
1019 257
1020 144
1020 15
1021 262
1021 230
1022 802
1022 144
1023 763
1023 190
1024 16
1024 6
1025 94
1025 22
1026 701
1026 803
1027 159
1027 42
1028 0
1028 622
1029 8
1029 1013
1030 690
1030 278
1031 595
1031 115
1032 61
1032 37
1033 663
1033 246
1034 74
1034 215
1035 194
1035 16
1036 50
1036 476
1037 20
1037 37
1038 154
1038 1030
1039 679
1039 69
1040 412
1040 534
1041 575
1041 135
1042 762
1042 17
1043 244
1043 493
1044 552
1044 23
1045 333
1045 473
1046 85
1046 509
1047 973
1047 212
1048 159
1048 222
1049 743
1049 165
1050 574
1050 35
1051 42
1051 118
1052 21
1052 0
1053 481
1053 288
1054 112
1054 151
1055 63
1055 219
1056 777
1056 499
1057 108
1057 111
1058 77
1058 1
1059 159
1059 395
1060 629
1060 262
1061 675
1061 53
1062 17
1062 6
1063 216
1063 46
1064 473
1064 83
1065 140
1065 82
1066 309
1066 272
1067 879
1067 288
1068 46
1068 381
1069 229
1069 0
1070 103
1070 264
1071 1067
1071 516
1072 13
1072 935
1073 639
1073 175
1074 533
1074 951
1075 95
1075 5
1076 55
1076 21
1077 32
1077 349
1078 963
1078 704
1079 29
1079 332
1080 1
1080 810
1081 106
1081 289
1082 100
1082 111
1083 529
1083 0
1084 58
1084 152
1085 849
1085 2
1086 0
1086 866
1087 149
1087 284
1088 487
1088 209
1089 42
1089 663
1090 176
1090 404
1091 154
1091 99
1092 0
1092 74
1093 293
1093 608
1094 95
1094 51
1095 960
1095 2
1096 221
1096 529
1097 447
1097 298
1098 755
1098 833
1099 352
1099 969
1100 4
1100 622
1101 239
1101 171
1102 622
1102 260
1103 134
1103 1006
1104 1096
1104 665
1105 1015
1105 118
1106 77
1106 16
1107 880
1107 2
1108 639
1108 39
1109 37
1109 84
1110 1067
1110 39
1111 281
1111 159
1112 170
1112 152
1113 266
1113 977
1114 420
1114 8
1115 30
1115 196
1116 30
1116 604
1117 922
1117 6
1118 151
1118 1029
1119 749
1119 752
1120 19
1120 35
1121 119
1121 855
1122 740
1122 752
1123 801
1123 221
1124 29
1124 609
1125 388
1125 69
1126 721
1126 118
1127 257
1127 258
1128 831
1128 41
1129 281
1129 53
1130 171
1130 13
1131 990
1131 473
1132 235
1132 167
1133 627
1133 351
1134 257
1134 548
1135 968
1135 831
1136 935
1136 298
1137 251
1137 268
1138 894
1138 508
1139 226
1139 122
1140 53
1140 65
1141 287
1141 61
1142 782
1142 966
1143 1051
1143 407
1144 0
1144 394
1145 330
1145 455
1146 484
1146 0
1147 1126
1147 223
1148 582
1148 622
1149 698
1149 231
1150 141
1150 27
1151 953
1151 559
1152 1140
1152 821
1153 13
1153 383
1154 944
1154 716
1155 238
1155 657
1156 900
1156 1135
1157 102
1157 105
1158 21
1158 345
1159 226
1159 529
1160 2
1160 69
1161 980
1161 1089
1162 239
1162 52
1163 737
1163 182
1164 580
1164 335
1165 826
1165 12
1166 602
1166 55
1167 608
1167 774
1168 13
1168 786
1169 1137
1169 6
1170 143
1170 1039
1171 548
1171 805
1172 35
1172 209
1173 1086
1173 894
1174 245
1174 84
1175 245
1175 118
1176 94
1176 18
1177 25
1177 18
1178 1100
1178 528
1179 195
1179 60
1180 16
1180 265
1181 602
1181 192
1182 832
1182 209
1183 848
1183 167
1184 206
1184 335
1185 503
1185 728
1186 628
1186 280
1187 272
1187 77
1188 1018
1188 788
1189 821
1189 19
1190 1114
1190 46
1191 40
1191 653
1192 501
1192 848
1193 2
1193 532
1194 170
1194 88
1195 858
1195 17
1196 673
1196 366
1197 1129
1197 1083
1198 539
1198 154
1199 239
1199 1018
1200 189
1200 74
1201 367
1201 297
1202 69
1202 10
1203 309
1203 74
1204 951
1204 181
1205 69
1205 439
1206 503
1206 258
1207 69
1207 2
1208 381
1208 5
1209 1018
1209 93
1210 1
1210 158
1211 159
1211 1069
1212 558
1212 838
1213 323
1213 6
1214 201
1214 40
1215 319
1215 1188
1216 33
1216 342
1217 49
1217 66
1218 13
1218 411
1219 14
1219 675
1220 213
1220 381
1221 949
1221 8
1222 34
1222 160
1223 1154
1223 651
1224 189
1224 496
1225 2
1225 989
1226 114
1226 965
1227 197
1227 569
1228 606
1228 897
1229 223
1229 958
1230 574
1230 195
1231 837
1231 740
1232 493
1232 608
1233 703
1233 576
1234 173
1234 224
1235 711
1235 572
1236 190
1236 1049
1237 913
1237 686
1238 1086
1238 134
1239 568
1239 1167
1240 602
1240 20
1241 286
1241 6
1242 93
1242 1215
1243 14
1243 949
1244 2
1244 320
1245 0
1245 567
1246 572
1246 42
1247 144
1247 151
1248 8
1248 42
1249 520
1249 607
1250 1096
1250 329
1251 1180
1251 263
1252 42
1252 151
1253 338
1253 895
1254 1007
1254 793
1255 335
1255 132
1256 450
1256 733
1257 845
1257 201
1258 453
1258 529
1259 118
1259 569
1260 710
1260 452
1261 283
1261 256
1262 356
1262 79
1263 1081
1263 256
1264 151
1264 1072
1265 186
1265 16
1266 1073
1266 51
1267 226
1267 69
1268 872
1268 467
1269 698
1269 182
1270 6
1270 15
1271 21
1271 1040
1272 356
1272 189
1273 94
1273 69
1274 64
1274 907
1275 195
1275 531
1276 94
1276 671
1277 2
1277 21
1278 692
1278 96
1279 160
1279 215
1280 749
1280 434
1281 567
1281 885
1282 215
1282 5
1283 162
1283 785
1284 739
1284 38
1285 471
1285 552
1286 277
1286 161
1287 475
1287 204
1288 1059
1288 568
1289 1109
1289 762
1290 671
1290 2
1291 980
1291 620
1292 746
1292 44
1293 526
1293 212
1294 82
1294 639
1295 593
1295 1090
1296 0
1296 1249
1297 169
1297 4
1298 637
1298 161
1299 754
1299 11
1300 774
1300 15
1301 23
1301 13
1302 2
1302 19
1303 737
1303 202
1304 21
1304 517
1305 580
1305 1248
1306 1034
1306 19
1307 990
1307 34
1308 144
1308 1208
1309 196
1309 197
1310 74
1310 367
1311 170
1311 1049
1312 262
1312 548
1313 16
1313 27
1314 325
1314 359
1315 262
1315 797
1316 331
1316 1079
1317 1061
1317 74
1318 37
1318 230
1319 33
1319 5
1320 1021
1320 237
1321 377
1321 28
1322 943
1322 33
1323 133
1323 739
1324 968
1324 223
1325 1140
1325 1004
1326 305
1326 69
1327 1188
1327 62
1328 608
1328 703
1329 89
1329 624
1330 32
1330 201
1331 93
1331 706
1332 829
1332 388
1333 23
1333 346
1334 109
1334 742
1335 69
1335 13
1336 994
1336 304
1337 149
1337 53
1338 240
1338 323
1339 749
1339 12
1340 842
1340 243
1341 826
1341 557
1342 1231
1342 1069
1343 640
1343 1128
1344 381
1344 641
1345 64
1345 113
1346 2
1346 76
1347 348
1347 99
1348 1217
1348 1315
1349 452
1349 16
1350 548
1350 157
1351 1067
1351 182
1352 23
1352 395
1353 870
1353 13
1354 540
1354 86
1355 239
1355 585
1356 14
1356 4
1357 20
1357 162
1358 663
1358 737
1359 849
1359 147
1360 8
1360 357
1361 504
1361 43
1362 1072
1362 33
1363 947
1363 5
1364 1114
1364 61
1365 84
1365 115
1366 751
1366 1018
1367 10
1367 990
1368 42
1368 862
1369 679
1369 119
1370 1058
1370 407
1371 1044
1371 567
1372 748
1372 1236
1373 244
1373 598
1374 19
1374 97
1375 8
1375 19
1376 990
1376 2
1377 515
1377 1221
1378 866
1378 93
1379 44
1379 938
1380 196
1380 17
1381 1204
1381 182
1382 33
1382 120
1383 221
1383 385
1384 248
1384 166
1385 11
1385 151
1386 493
1386 105
1387 17
1387 160
1388 900
1388 46
1389 382
1389 773
1390 362
1390 1097
1391 85
1391 194
1392 223
1392 529
1393 752
1393 286
1394 1228
1394 1196
1395 381
1395 1006
1396 434
1396 84
1397 881
1397 376
1398 589
1398 365
1399 261
1399 959
1400 111
1400 801
1401 1040
1401 1200
1402 27
1402 281
1403 164
1403 107
1404 159
1404 33
1405 29
1405 41
1406 706
1406 118
1407 1226
1407 502
1408 37
1408 548
1409 1038
1409 1017
1410 298
1410 1018
1411 877
1411 21
1412 297
1412 544
1413 604
1413 504
1414 394
1414 80
1415 158
1415 991
1416 1121
1416 961
1417 577
1417 484
1418 69
1418 365
1419 212
1419 634
1420 699
1420 478
1421 251
1421 569
1422 459
1422 537
1423 155
1423 42
1424 478
1424 552
1425 1151
1425 1139
1426 251
1426 0
1427 802
1427 487
1428 749
1428 319
1429 222
1429 1418
1430 1049
1430 516
1431 15
1431 459
1432 140
1432 1236
1433 400
1433 1129
1434 960
1434 183
1435 15
1435 52
1436 1256
1436 1188
1437 439
1437 1
1438 36
1438 833
1439 509
1439 1
1440 851
1440 802
1441 214
1441 213
1442 487
1442 1365
1443 1184
1443 1108
1444 25
1444 1066
1445 314
1445 349
1446 223
1446 449
1447 1220
1447 322
1448 0
1448 55
1449 1375
1449 1089
1450 895
1450 434
1451 66
1451 1426
1452 2
1452 15
1453 371
1453 1021
1454 167
1454 889
1455 33
1455 12
1456 301
1456 279
1457 201
1457 212
1458 1177
1458 56
1459 698
1459 28
1460 1213
1460 63
1461 285
1461 2
1462 885
1462 961
1463 286
1463 835
1464 563
1464 77
1465 41
1465 531
1466 641
1466 459
1467 18
1467 696
1468 558
1468 169
1469 1431
1469 458
1470 263
1470 201
1471 136
1471 264
1472 23
1472 657
1473 42
1473 0
1474 555
1474 345
1475 166
1475 181
1476 8
1476 380
1477 282
1477 151
1478 813
1478 69
1479 349
1479 217
1480 381
1480 900
1481 432
1481 163
1482 221
1482 428
1483 1361
1483 23
1484 19
1484 1119
1485 674
1485 552
1486 278
1486 574
1487 1486
1487 141
1488 671
1488 551
1489 427
1489 1284
1490 69
1490 806
1491 481
1491 56
1492 994
1492 859
1493 1128
1493 605
1494 30
1494 620
1495 85
1495 868
1496 280
1496 839
1497 326
1497 294
1498 476
1498 264
1499 869
1499 704
1500 286
1500 840
1501 598
1501 93
1502 1377
1502 117
1503 390
1503 953
1504 524
1504 1394
1505 314
1505 834
1506 797
1506 0
1507 793
1507 457
1508 683
1508 514
1509 1314
1509 0
1510 535
1510 622
1511 1480
1511 115
1512 33
1512 445
1513 890
1513 652
1514 716
1514 584
1515 1312
1515 580
1516 433
1516 1180
1517 580
1517 23
1518 10
1518 5
1519 1133
1519 647
1520 988
1520 196
1521 2
1521 27
1522 305
1522 563
1523 545
1523 301
1524 289
1524 0
1525 39
1525 329
1526 1170
1526 2
1527 20
1527 469
1528 197
1528 45
1529 61
1529 350
1530 32
1530 734
1531 864
1531 1355
1532 118
1532 299
1533 1108
1533 0
1534 1440
1534 2
1535 674
1535 320
1536 762
1536 973
1537 388
1537 214
1538 8
1538 508
1539 526
1539 351
1540 0
1540 167
1541 882
1541 1385
1542 438
1542 221
1543 1279
1543 362
1544 94
1544 285
1545 89
1545 5
1546 715
1546 817
1547 635
1547 960
1548 856
1548 181
1549 431
1549 302
1550 449
1550 359
1551 105
1551 1079
1552 1329
1552 35
1553 610
1553 381
1554 54
1554 270
1555 1089
1555 0
1556 91
1556 0
1557 918
1557 1108
1558 15
1558 14
1559 1128
1559 519
1560 119
1560 748
1561 544
1561 364
1562 14
1562 277
1563 1475
1563 1385
1564 870
1564 1300
1565 649
1565 263
1566 1012
1566 1135
1567 133
1567 1146
1568 19
1568 511
1569 138
1569 919
1570 68
1570 104
1571 1427
1571 61
1572 472
1572 51
1573 361
1573 199
1574 21
1574 685
1575 1559
1575 484
1576 1534
1576 524
1577 50
1577 42
1578 162
1578 230
1579 53
1579 330
1580 155
1580 227
1581 104
1581 1451
1582 264
1582 1358
1583 1055
1583 1075
1584 115
1584 288
1585 1057
1585 1090
1586 50
1586 229
1587 23
1587 14
1588 1309
1588 1086
1589 21
1589 854
1590 119
1590 93
1591 0
1591 842
1592 852
1592 973
1593 1322
1593 62
1594 189
1594 1305
1595 685
1595 243
1596 37
1596 622
1597 264
1597 1249
1598 120
1598 21
1599 919
1599 2
1600 3
1600 718
1601 560
1601 688
1602 0
1602 1
1603 473
1603 645
1604 949
1604 309
1605 1000
1605 530
1606 74
1606 799
1607 53
1607 2
1608 1236
1608 475
1609 1279
1609 1281
1610 673
1610 1313
1611 825
1611 242
1612 190
1612 407
1613 376
1613 13
1614 704
1614 39
1615 980
1615 958
1616 19
1616 222
1617 417
1617 19
1618 1456
1618 1595
1619 1136
1619 494
1620 348
1620 190
1621 265
1621 777
1622 43
1622 150
1623 669
1623 1180
1624 1187
1624 1309
1625 1135
1625 0
1626 246
1626 793
1627 707
1627 562
1628 762
1628 95
1629 973
1629 162
1630 84
1630 1103
1631 802
1631 19
1632 35
1632 309
1633 1349
1633 454
1634 43
1634 279
1635 701
1635 149
1636 818
1636 931
1637 246
1637 674
1638 1107
1638 1330
1639 17
1639 1330
1640 19
1640 1452
1641 737
1641 819
1642 1073
1642 1092
1643 402
1643 37
1644 606
1644 793
1645 1622
1645 494
1646 980
1646 239
1647 6
1647 543
1648 715
1648 189
1649 817
1649 800
1650 1086
1650 796
1651 516
1651 1397
1652 589
1652 793
1653 434
1653 558
1654 515
1654 452
1655 1249
1655 970
1656 1103
1656 476
1657 789
1657 561
1658 6
1658 20
1659 8
1659 212
1660 396
1660 1213
1661 2
1661 1018
1662 28
1662 14
1663 48
1663 454
1664 13
1664 1061
1665 494
1665 285
1666 0
1666 804
1667 1576
1667 347
1668 93
1668 88
1669 1343
1669 1426
1670 635
1670 410
1671 1660
1671 0
1672 71
1672 2
1673 116
1673 142
1674 17
1674 602
1675 413
1675 1388
1676 5
1676 1325
1677 1158
1677 55
1678 1049
1678 804
1679 1541
1679 964
1680 27
1680 683
1681 1508
1681 18
1682 829
1682 1518
1683 521
1683 1239
1684 1059
1684 1224
1685 21
1685 635
1686 838
1686 1419
1687 13
1687 159
1688 5
1688 1468
1689 1630
1689 1217
1690 780
1690 162
1691 13
1691 293
1692 856
1692 163
1693 15
1693 303
1694 418
1694 23
1695 279
1695 0
1696 2
1696 500
1697 1670
1697 2
1698 261
1698 25
1699 552
1699 314
1700 94
1700 476
1701 1248
1701 25
1702 42
1702 526
1703 1400
1703 420
1704 711
1704 15
1705 595
1705 76
1706 642
1706 1373
1707 406
1707 1315
1708 14
1708 427
1709 245
1709 53
1710 10
1710 728
1711 1006
1711 526
1712 27
1712 1603
1713 511
1713 748
1714 516
1714 37
1715 390
1715 60
1716 856
1716 1293
1717 45
1717 495
1718 928
1718 5
1719 442
1719 155
1720 1656
1720 74
1721 928
1721 471
1722 1385
1722 69
1723 476
1723 1587
1724 246
1724 1271
1725 649
1725 1576
1726 209
1726 661
1727 1392
1727 802
1728 49
1728 25
1729 355
1729 335
1730 197
1730 464
1731 37
1731 159
1732 1473
1732 69
1733 1680
1733 1443
1734 33
1734 19
1735 107
1735 84
1736 69
1736 977
1737 1661
1737 691
1738 246
1738 25
1739 791
1739 158
1740 1620
1740 679
1741 28
1741 941
1742 536
1742 0
1743 1108
1743 609
1744 115
1744 838
1745 749
1745 95
1746 864
1746 423
1747 1584
1747 399
1748 192
1748 1054
1749 1414
1749 41
1750 711
1750 1469
1751 1382
1751 1612
1752 2
1752 1158
1753 69
1753 1487
1754 893
1754 780
1755 687
1755 276
1756 40
1756 951
1757 1300
1757 61
1758 69
1758 576
1759 880
1759 84
1760 11
1760 821
1761 1160
1761 5
1762 211
1762 772
1763 340
1763 1308
1764 889
1764 1478
1765 287
1765 548
1766 60
1766 93
1767 101
1767 1065
1768 858
1768 118
1769 1410
1769 81
1770 372
1770 201
1771 974
1771 239
1772 1762
1772 1258
1773 1381
1773 323
1774 350
1774 704
1775 75
1775 743
1776 0
1776 298
1777 134
1777 281
1778 1410
1778 606
1779 537
1779 1128
1780 1110
1780 62
1781 718
1781 302
1782 41
1782 968
1783 420
1783 630
1784 243
1784 6
1785 42
1785 1
1786 5
1786 1701
1787 57
1787 314
1788 1381
1788 651
1789 487
1789 1059
1790 69
1790 832
1791 203
1791 21
1792 49
1792 636
1793 372
1793 264
1794 1188
1794 746
1795 1390
1795 63
1796 399
1796 0
1797 196
1797 1396
1798 4
1798 6
1799 109
1799 243
1800 974
1800 752
1801 1132
1801 764
1802 118
1802 1589
1803 604
1803 1330
1804 63
1804 264
1805 785
1805 1478
1806 557
1806 212
1807 1365
1807 35
1808 41
1808 1726
1809 881
1809 2
1810 1293
1810 43
1811 1468
1811 299
1812 5
1812 908
1813 338
1813 218
1814 1687
1814 827
1815 430
1815 240
1816 35
1816 394
1817 41
1817 557
1818 387
1818 592
1819 291
1819 32
1820 214
1820 1786
1821 1711
1821 0
1822 580
1822 118
1823 8
1823 1775
1824 1006
1824 518
1825 289
1825 558
1826 831
1826 1334
1827 988
1827 947
1828 94
1828 0
1829 334
1829 1172
1830 151
1830 13
1831 1021
1831 345
1832 418
1832 257
1833 14
1833 265
1834 418
1834 377
1835 559
1835 17
1836 800
1836 675
1837 6
1837 1402
1838 473
1838 495
1839 162
1839 262
1840 802
1840 679
1841 86
1841 0
1842 24
1842 16
1843 16
1843 182
1844 8
1844 75
1845 650
1845 1630
1846 396
1846 529
1847 83
1847 832
1848 1316
1848 558
1849 1250
1849 1206
1850 1363
1850 215
1851 420
1851 446
1852 617
1852 163
1853 1491
1853 828
1854 213
1854 381
1855 84
1855 18
1856 1849
1856 309
1857 1040
1857 1137
1858 1072
1858 484
1859 286
1859 246
1860 127
1860 118
1861 0
1861 604
1862 140
1862 1693
1863 251
1863 679
1864 372
1864 14
1865 485
1865 748
1866 49
1866 408
1867 0
1867 448
1868 8
1868 1431
1869 288
1869 558
1870 1068
1870 15
1871 246
1871 692
1872 42
1872 5
1873 1133
1873 202
1874 511
1874 162
1875 94
1875 1350
1876 820
1876 1260
1877 1195
1877 1729
1878 144
1878 1452
1879 1339
1879 15
1880 246
1880 1475
1881 250
1881 403
1882 646
1882 219
1883 497
1883 1430
1884 1851
1884 162
1885 530
1885 161
1886 531
1886 57
1887 77
1887 202
1888 13
1888 1860
1889 76
1889 1763
1890 134
1890 563
1891 323
1891 35
1892 119
1892 39
1893 1775
1893 408
1894 1651
1894 42
1895 205
1895 778
1896 235
1896 1345
1897 562
1897 1758
1898 2
1898 1860
1899 1202
1899 833
1900 0
1900 327
1901 1279
1901 265
1902 1023
1902 589
1903 21
1903 55
1904 460
1904 561
1905 115
1905 69
1906 13
1906 738
1907 707
1907 77
1908 1258
1908 482
1909 87
1909 19
1910 391
1910 1870
1911 102
1911 1594
1912 40
1912 555
1913 969
1913 1560
1914 24
1914 1208
1915 1231
1915 409
1916 595
1916 30
1917 608
1917 1638
1918 1195
1918 194
1919 1436
1919 1452
1920 163
1920 6
1921 136
1921 229
1922 319
1922 719
1923 978
1923 133
1924 214
1924 1269
1925 11
1925 314
1926 1493
1926 1641
1927 19
1927 33
1928 104
1928 1262
1929 795
1929 1584
1930 17
1930 21
1931 17
1931 264
1932 19
1932 76
1933 967
1933 5
1934 1226
1934 1583
1935 892
1935 29
1936 11
1936 939
1937 752
1937 6
1938 862
1938 277
1939 1666
1939 257
1940 99
1940 445
1941 3
1941 0
1942 1893
1942 1653
1943 169
1943 107
1944 55
1944 1860
1945 1456
1945 752
1946 1
1946 8
1947 432
1947 1567
1948 147
1948 581
1949 42
1949 1452
1950 0
1950 38
1951 796
1951 35
1952 575
1952 691
1953 870
1953 14
1954 1225
1954 8
1955 1863
1955 907
1956 1569
1956 114
1957 1917
1957 1568
1958 737
1958 1156
1959 1874
1959 1411
1960 1796
1960 1643
1961 1411
1961 1904
1962 286
1962 473
1963 4
1963 706
1964 1948
1964 1571
1965 919
1965 152
1966 826
1966 3
1967 631
1967 823
1968 683
1968 1771
1969 270
1969 944
1970 13
1970 54
1971 1742
1971 1731
1972 615
1972 1080
1973 119
1973 1740
1974 69
1974 1907
1975 74
1975 0
1976 1352
1976 1869
1977 239
1977 930
1978 1625
1978 610
1979 1241
1979 805
1980 605
1980 1030
1981 0
1981 870
1982 291
1982 35
1983 1105
1983 933
1984 443
1984 0
1985 1203
1985 558
1986 740
1986 244
1987 13
1987 1682
1988 345
1988 1653
1989 3
1989 1001
1990 421
1990 403
1991 1335
1991 422
1992 683
1992 372
1993 1363
1993 1643
1994 1441
1994 8
1995 1762
1995 1965
1996 215
1996 569
1997 19
1997 833
1998 1595
1998 157
1999 851
1999 205
2000 1366
2000 1436
2001 481
2001 871
2002 248
2002 392
2003 1514
2003 211
2004 699
2004 2
2005 254
2005 1576
2006 305
2006 637
2007 1486
2007 69
2008 1679
2008 176
2009 345
2009 1322
2010 224
2010 82
2011 1455
2011 11
2012 622
2012 1599
2013 95
2013 115
2014 106
2014 1800
2015 8
2015 1378
2016 814
2016 313
2017 0
2017 62
2018 1849
2018 19
2019 182
2019 637
2020 919
2020 77
2021 1427
2021 246
2022 1475
2022 908
2023 17
2023 1625
2024 338
2024 1058
2025 1422
2025 522
2026 1245
2026 471
2027 197
2027 1903
2028 93
2028 1869
2029 1291
2029 400
2030 1160
2030 1637
2031 1258
2031 0
2032 1515
2032 706
2033 813
2033 907
2034 622
2034 240
2035 11
2035 132
2036 1715
2036 661
2037 151
2037 1615
2038 136
2038 823
2039 897
2039 858
2040 885
2040 418
2041 695
2041 427
2042 303
2042 573
2043 24
2043 1576
2044 1195
2044 1385
2045 1574
2045 19
2046 438
2046 286
2047 514
2047 1906
2048 33
2048 837
2049 1288
2049 1526
2050 176
2050 570
2051 576
2051 119
2052 322
2052 47
2053 1861
2053 76
2054 342
2054 1676
2055 459
2055 909
2056 219
2056 15
2057 1266
2057 163
2058 1603
2058 177
2059 1225
2059 856
2060 20
2060 1771
2061 1176
2061 2
2062 1125
2062 636
2063 721
2063 605
2064 721
2064 60
2065 396
2065 781
2066 84
2066 1224
2067 1850
2067 76
2068 32
2068 21
2069 13
2069 644
2070 1994
2070 1035
2071 249
2071 1731
2072 108
2072 84
2073 874
2073 994
2074 744
2074 85
2075 159
2075 88
2076 393
2076 3
2077 526
2077 2050
2078 1800
2078 1911
2079 1586
2079 1981
2080 1324
2080 696
2081 1388
2081 1171
2082 410
2082 1945
2083 27
2083 679
2084 334
2084 0
2085 126
2085 215
2086 748
2086 879
2087 300
2087 1244
2088 1786
2088 854
2089 146
2089 130
2090 943
2090 1784
2091 281
2091 857
2092 16
2092 61
2093 622
2093 39
2094 6
2094 77
2095 1967
2095 201
2096 73
2096 194
2097 614
2097 1815
2098 1092
2098 1629
2099 13
2099 400
2100 1329
2100 36
2101 729
2101 35
2102 885
2102 388
2103 649
2103 647
2104 174
2104 44
2105 1183
2105 69
2106 1254
2106 959
2107 0
2107 176
2108 10
2108 1096
2109 1491
2109 1018
2110 126
2110 1226
2111 1431
2111 725
2112 1847
2112 1758
2113 149
2113 392
2114 1278
2114 1118
2115 239
2115 1631
2116 529
2116 45
2117 116
2117 803
2118 0
2118 609
2119 47
2119 324
2120 2061
2120 2
2121 1096
2121 623
2122 342
2122 837
2123 330
2123 1026
2124 473
2124 535
2125 1096
2125 1007
2126 323
2126 802
2127 37
2127 829
2128 361
2128 2
2129 773
2129 44
2130 1418
2130 860
2131 941
2131 79
2132 257
2132 1736
2133 84
2133 655
2134 540
2134 419
2135 385
2135 263
2136 1330
2136 251
2137 1589
2137 0
2138 1222
2138 837
2139 2107
2139 378
2140 159
2140 265
2141 471
2141 1381
2142 2046
2142 1103
2143 988
2143 1860
2144 49
2144 1289
2145 105
2145 19
2146 1526
2146 239
2147 337
2147 739
2148 123
2148 683
2149 342
2149 126
2150 0
2150 304
2151 10
2151 59
2152 780
2152 647
2153 159
2153 1740
2154 0
2154 381
2155 544
2155 17
2156 960
2156 2068
2157 56
2157 599
2158 182
2158 1550
2159 495
2159 513
2160 2085
2160 82
2161 277
2161 757
2162 1023
2162 251
2163 806
2163 1107
2164 251
2164 1772
2165 658
2165 1849
2166 2021
2166 304
2167 1418
2167 450
2168 477
2168 239
2169 738
2169 1641
2170 8
2170 526
2171 570
2171 526
2172 1096
2172 1758
2173 12
2173 1085
2174 85
2174 128
2175 1756
2175 253
2176 1249
2176 0
2177 928
2177 1815
2178 109
2178 2
2179 1368
2179 1350
2180 1133
2180 383
2181 548
2181 472
2182 23
2182 469
2183 2
2183 1256
2184 12
2184 54
2185 13
2185 802
2186 54
2186 251
2187 8
2187 2077
2188 860
2188 1639
2189 338
2189 162
2190 528
2190 60
2191 1746
2191 415
2192 1135
2192 94
2193 1818
2193 1422
2194 713
2194 2004
2195 339
2195 1181
2196 313
2196 282
2197 372
2197 1662
2198 1771
2198 1495
2199 1145
2199 162
2200 298
2200 622
2201 842
2201 1335
2202 1824
2202 5
2203 151
2203 2076
2204 1147
2204 1239
2205 1424
2205 762
2206 668
2206 1626
2207 908
2207 2
2208 1510
2208 40
2209 51
2209 164
2210 48
2210 485
2211 154
2211 182
2212 981
2212 459
2213 58
2213 1778
2214 2041
2214 561
2215 13
2215 658
2216 230
2216 227
2217 1239
2217 248
2218 6
2218 162
2219 169
2219 238
2220 2030
2220 1381
2221 155
2221 83
2222 66
2222 1631
2223 24
2223 999
2224 574
2224 2120
2225 485
2225 330
2226 51
2226 450
2227 8
2227 1423
2228 190
2228 713
2229 515
2229 1746
2230 385
2230 43
2231 1724
2231 1911
2232 186
2232 14
2233 1427
2233 941
2234 2
2234 703
2235 0
2235 41
2236 223
2236 1361
2237 1029
2237 257
2238 1842
2238 452
2239 0
2239 881
2240 1079
2240 1116
2241 60
2241 239
2242 387
2242 1758
2243 286
2243 38
2244 919
2244 894
2245 773
2245 994
2246 258
2246 52
2247 2073
2247 809
2248 169
2248 94
2249 2036
2249 1453
2250 465
2250 960
2251 1617
2251 1417
2252 1453
2252 1336
2253 584
2253 539
2254 705
2254 948
2255 944
2255 265
2256 2054
2256 85
2257 585
2257 559
2258 377
2258 42
2259 833
2259 187
2260 1700
2260 1108
2261 142
2261 84
2262 177
2262 44
2263 1269
2263 2074
2264 2
2264 877
2265 2
2265 1733
2266 1829
2266 825
2267 257
2267 726
2268 1013
2268 432
2269 802
2269 22
2270 2146
2270 0
2271 1329
2271 1320
2272 2175
2272 76
2273 559
2273 1278
2274 1766
2274 640
2275 1436
2275 113
2276 2031
2276 5
2277 53
2277 40
2278 74
2278 217
2279 1641
2279 2131
2280 1813
2280 71
2281 1119
2281 1299
2282 337
2282 59
2283 1411
2283 501
2284 972
2284 1128
2285 755
2285 15
2286 53
2286 11
2287 964
2287 19
2288 28
2288 0
2289 427
2289 94
2290 391
2290 1221
2291 119
2291 619
2292 1820
2292 2265
2293 15
2293 32
2294 106
2294 265
2295 86
2295 67
2296 1025
2296 188
2297 2
2297 730
2298 6
2298 835
2299 876
2299 802
2300 13
2300 1129
2301 456
2301 831
2302 509
2302 1012
2303 920
2303 1605
2304 2206
2304 52
2305 1260
2305 134
2306 905
2306 657
2307 212
2307 1306
2308 761
2308 62
2309 14
2309 2260
2310 1239
2310 1795
2311 396
2311 1503
2312 919
2312 1731
2313 162
2313 1191
2314 695
2314 1
2315 115
2315 69
2316 118
2316 572
2317 739
2317 192
2318 661
2318 2216
2319 19
2319 2261
2320 2017
2320 2
2321 541
2321 947
2322 1685
2322 24
2323 50
2323 992
2324 69
2324 2023
2325 447
2325 2283
2326 734
2326 19
2327 69
2327 6
2328 1441
2328 2004
2329 1754
2329 1877
2330 118
2330 348
2331 1458
2331 5
2332 1716
2332 15
2333 250
2333 383
2334 127
2334 57
2335 1757
2335 738
2336 2187
2336 219
2337 2042
2337 1643
2338 1376
2338 0
2339 316
2339 14
2340 1010
2340 435
2341 1598
2341 1948
2342 1
2342 2023
2343 1124
2343 1385
2344 2185
2344 1339
2345 880
2345 468
2346 461
2346 1314
2347 477
2347 19
2348 5
2348 1752
2349 2
2349 875
2350 391
2350 1940
2351 1006
2351 8
2352 369
2352 0
2353 217
2353 405
2354 1816
2354 375
2355 83
2355 671
2356 1743
2356 1081
2357 2284
2357 1231
2358 1328
2358 57
2359 337
2359 521
2360 1579
2360 1965
2361 222
2361 906
2362 40
2362 6
2363 348
2363 2004
2364 19
2364 190
2365 0
2365 182
2366 162
2366 127
2367 16
2367 633
2368 1362
2368 1063
2369 132
2369 1697
2370 475
2370 1034
2371 249
2371 679
2372 279
2372 1085
2373 1021
2373 1209
2374 486
2374 831
2375 353
2375 1652
2376 485
2376 118
2377 705
2377 239
2378 211
2378 876
2379 1552
2379 359
2380 467
2380 1947
2381 32
2381 178
2382 2024
2382 115
2383 1172
2383 1710
2384 40
2384 2105
2385 807
2385 1983
2386 1522
2386 993
2387 61
2387 1557
2388 19
2388 2317
2389 527
2389 258
2390 163
2390 1234
2391 1049
2391 15
2392 85
2392 166
2393 144
2393 2339
2394 679
2394 421
2395 683
2395 144
2396 840
2396 1513
2397 622
2397 1795
2398 938
2398 1745
2399 321
2399 761
2400 1678
2400 158
2401 21
2401 2263
2402 251
2402 2182
2403 6
2403 141
2404 1772
2404 320
2405 375
2405 1404
2406 205
2406 245
2407 1075
2407 591
2408 252
2408 1093
2409 939
2409 1381
2410 2027
2410 322
2411 319
2411 518
2412 63
2412 90
2413 692
2413 119
2414 1686
2414 1622
2415 302
2415 1100
2416 1012
2416 226
2417 197
2417 65
2418 0
2418 877
2419 109
2419 1
2420 30
2420 2201
2421 32
2421 116
2422 52
2422 1210
2423 1656
2423 25
2424 445
2424 61
2425 8
2425 1633
2426 1771
2426 69
2427 161
2427 1090
2428 845
2428 2277
2429 25
2429 330
2430 6
2430 375
2431 2048
2431 288
2432 103
2432 325
2433 1928
2433 1776
2434 1443
2434 222
2435 1064
2435 1
2436 2
2436 2388
2437 1084
2437 814
2438 552
2438 1907
2439 117
2439 1269
2440 622
2440 233
2441 558
2441 1869
2442 93
2442 977
2443 679
2443 1579
2444 248
2444 1588
2445 871
2445 33
2446 1930
2446 1762
2447 278
2447 40
2448 928
2448 1559
2449 1313
2449 23
2450 317
2450 886
2451 984
2451 0
2452 870
2452 1736
2453 552
2453 496
2454 832
2454 609
2455 19
2455 2338
2456 951
2456 999
2457 105
2457 1892
2458 1345
2458 136
2459 417
2459 659
2460 469
2460 3
2461 348
2461 1725
2462 609
2462 2131
2463 652
2463 2224
2464 800
2464 14
2465 602
2465 80
2466 162
2466 530
2467 79
2467 935
2468 1021
2468 264
2469 427
2469 248
2470 14
2470 41
2471 83
2471 1752
2472 1891
2472 2304
2473 1969
2473 48
2474 1057
2474 1757
2475 1427
2475 468
2476 381
2476 1898
2477 1336
2477 1124
2478 21
2478 0
2479 1893
2479 1745
2480 1466
2480 1184
2481 194
2481 152
2482 45
2482 1004
2483 126
2483 2110
2484 32
2484 181
2485 2380
2485 1045
2486 1051
2486 1690
2487 742
2487 285
2488 649
2488 2016
2489 1519
2489 2055
2490 2452
2490 1571
2491 140
2491 1652
2492 608
2492 265
2493 156
2493 529
2494 48
2494 264
2495 5
2495 224
2496 93
2496 979
2497 1701
2497 402
2498 346
2498 349
2499 1
2499 599
2500 742
2500 1237
2501 2372
2501 526
2502 1651
2502 1
2503 1129
2503 181
2504 1759
2504 1181
2505 880
2505 60
2506 8
2506 1195
2507 1269
2507 381
2508 2073
2508 331
2509 323
2509 72
2510 616
2510 14
2511 106
2511 1
2512 829
2512 24
2513 302
2513 11
2514 1415
2514 50
2515 1409
2515 631
2516 151
2516 221
2517 2110
2517 1031
2518 668
2518 2036
2519 2202
2519 0
2520 194
2520 2094
2521 2283
2521 19
2522 1049
2522 180
2523 155
2523 1641
2524 311
2524 2240
2525 630
2525 1547
2526 1358
2526 30
2527 17
2527 971
2528 6
2528 1599
2529 8
2529 92
2530 1038
2530 439
2531 1192
2531 1385
2532 280
2532 221
2533 455
2533 15
2534 8
2534 1700
2535 1410
2535 77
2536 1480
2536 362
2537 128
2537 140
2538 2022
2538 321
2539 1733
2539 2
2540 1822
2540 381
2541 1160
2541 196
2542 1340
2542 452
2543 768
2543 262
2544 248
2544 1142
2545 707
2545 1926
2546 305
2546 1914
2547 555
2547 19
2548 670
2548 487
2549 1784
2549 1963
2550 1239
2550 1804
2551 893
2551 245
2552 1647
2552 74
2553 1289
2553 1009
2554 1019
2554 1128
2555 77
2555 80
2556 33
2556 127
2557 93
2557 111
2558 113
2558 2523
2559 1503
2559 955
2560 148
2560 1870
2561 2505
2561 46
2562 956
2562 1823
2563 2546
2563 96
2564 2245
2564 2038
2565 169
2565 657
2566 1126
2566 1319
2567 29
2567 525
2568 725
2568 118
2569 109
2569 1491
2570 6
2570 1794
2571 2095
2571 245
2572 229
2572 404
2573 1724
2573 950
2574 647
2574 1398
2575 1902
2575 1727
2576 504
2576 237
2577 14
2577 877
2578 156
2578 448
2579 169
2579 2451
2580 448
2580 524
2581 1169
2581 154
2582 2180
2582 342
2583 555
2583 355
2584 158
2584 2050
2585 25
2585 1395
2586 13
2586 242
2587 19
2587 9
2588 1049
2588 61
2589 293
2589 448
2590 1782
2590 1172
2591 1194
2591 548
2592 2414
2592 297
2593 733
2593 8
2594 2198
2594 682
2595 2141
2595 52
2596 1622
2596 1008
2597 18
2597 2
2598 58
2598 0
2599 202
2599 33
2600 571
2600 2
2601 983
2601 1189
2602 1517
2602 733
2603 76
2603 980
2604 116
2604 2599
2605 647
2605 1
2606 1576
2606 1038
2607 185
2607 239
2608 372
2608 1378
2609 2098
2609 55
2610 803
2610 460
2611 1976
2611 2125
2612 363
2612 729
2613 49
2613 2102
2614 107
2614 0
2615 445
2615 800
2616 39
2616 2172
2617 237
2617 21
2618 631
2618 557
2619 1095
2619 2
2620 984
2620 2125
2621 163
2621 80
2622 2030
2622 693
2623 1195
2623 1
2624 169
2624 36
2625 2
2625 400
2626 802
2626 2599
2627 1587
2627 1939
2628 2576
2628 101
2629 679
2629 568
2630 0
2630 746
2631 2237
2631 203
2632 63
2632 1205
2633 1048
2633 16
2634 2468
2634 1983
2635 116
2635 1737
2636 2422
2636 83
2637 1678
2637 61
2638 393
2638 908
2639 163
2639 712
2640 21
2640 1
2641 146
2641 57
2642 47
2642 2468
2643 2300
2643 126
2644 838
2644 674
2645 795
2645 1129
2646 102
2646 202
2647 1752
2647 802
2648 477
2648 741
2649 131
2649 660
2650 367
2650 221
2651 128
2651 81
2652 229
2652 679
2653 1363
2653 1487
2654 2095
2654 647
2655 257
2655 15
2656 16
2656 737
2657 133
2657 2573
2658 538
2658 973
2659 1771
2659 61
2660 155
2660 842
2661 1762
2661 522
2662 1133
2662 211
2663 293
2663 973
2664 42
2664 578
2665 1470
2665 6
2666 358
2666 1339
2667 6
2667 1615
2668 780
2668 74
2669 1425
2669 19
2670 244
2670 251
2671 442
2671 77
2672 3
2672 1119
2673 299
2673 862
2674 35
2674 1224
2675 257
2675 411
2676 987
2676 1388
2677 293
2677 1505
2678 1095
2678 1848
2679 2631
2679 37
2680 8
2680 14
2681 2649
2681 1266
2682 8
2682 1488
2683 44
2683 2240
2684 53
2684 223
2685 988
2685 268
2686 340
2686 279
2687 678
2687 1264
2688 277
2688 178
2689 2
2689 1677
2690 400
2690 409
2691 57
2691 2004
2692 30
2692 2099
2693 318
2693 1776
2694 2067
2694 339
2695 1503
2695 95
2696 16
2696 1952
2697 1009
2697 53
2698 1568
2698 340
2699 2055
2699 1576
2700 21
2700 960
2701 439
2701 2600
2702 541
2702 609
2703 2273
2703 2512
2704 19
2704 182
2705 489
2705 1734
2706 8
2706 387
2707 687
2707 186
2708 13
2708 2547
2709 113
2709 9
2710 35
2710 688
2711 37
2711 1728
2712 0
2712 299
2713 1068
2713 558
2714 2506
2714 200
2715 6
2715 165
2716 1030
2716 524
2717 2121
2717 2388
2718 5
2718 27
2719 2
2719 2552
2720 1643
2720 1105
2721 475
2721 806
2722 2304
2722 251
2723 1377
2723 829
2724 2468
2724 114
2725 609
2725 531
2726 1450
2726 309
2727 2645
2727 1216
2728 2463
2728 244
2729 2581
2729 1879
2730 346
2730 1665
2731 239
2731 1235
2732 2687
2732 107
2733 1269
2733 162
2734 529
2734 1891
2735 931
2735 1527
2736 2284
2736 1894
2737 118
2737 2506
2738 1441
2738 1680
2739 1561
2739 1958
2740 2136
2740 530
2741 217
2741 227
2742 8
2742 2501
2743 627
2743 242
2744 219
2744 24
2745 2445
2745 815
2746 548
2746 1853
2747 1704
2747 584
2748 2235
2748 2
2749 2124
2749 1237
2750 17
2750 0
2751 858
2751 602
2752 558
2752 2094
2753 2169
2753 1336
2754 817
2754 918
2755 1184
2755 513
2756 1845
2756 30
2757 1669
2757 157
2758 504
2758 822
2759 1902
2759 0
2760 105
2760 49
2761 11
2761 1870
2762 1804
2762 2413
2763 22
2763 2596
2764 656
2764 199
2765 51
2765 2647
2766 372
2766 161
2767 1096
2767 187
2768 222
2768 1851
2769 55
2769 44
2770 262
2770 1069
2771 152
2771 91
2772 1402
2772 897
2773 968
2773 1280
2774 1578
2774 2486
2775 123
2775 661
2776 15
2776 2009
2777 21
2777 1334
2778 987
2778 1309
2779 2135
2779 2126
2780 69
2780 784
2781 417
2781 2712
2782 5
2782 555
2783 27
2783 381
2784 2
2784 1953
2785 41
2785 105
2786 610
2786 2645
2787 2041
2787 2780
2788 1746
2788 681
2789 377
2789 2227
2790 491
2790 0
2791 1160
2791 1374
2792 342
2792 240
2793 107
2793 1044
2794 1968
2794 1310
2795 76
2795 1598
2796 2656
2796 439
2797 683
2797 106
2798 2026
2798 2621
2799 46
2799 773
2800 2460
2800 239
2801 19
2801 4
2802 733
2802 1254
2803 505
2803 1422
2804 2720
2804 2457
2805 2449
2805 108
2806 1338
2806 507
2807 49
2807 581
2808 2677
2808 1191
2809 1613
2809 302
2810 1630
2810 1660
2811 176
2811 2737
2812 2531
2812 495
2813 1138
2813 76
2814 1961
2814 1973
2815 2650
2815 381
2816 1078
2816 1322
2817 118
2817 1375
2818 59
2818 2050
2819 247
2819 128
2820 46
2820 27
2821 338
2821 246
2822 1815
2822 1547
2823 8
2823 0
2824 69
2824 134
2825 2753
2825 30
2826 1510
2826 2809
2827 0
2827 301
2828 763
2828 2578
2829 2458
2829 1090
2830 531
2830 2096
2831 54
2831 637
2832 2064
2832 2173
2833 1954
2833 2662
2834 2037
2834 358
2835 24
2835 495
2836 95
2836 482
2837 697
2837 90
2838 960
2838 115
2839 2432
2839 1029
2840 1684
2840 1226
2841 1329
2841 626
2842 13
2842 1076
2843 1842
2843 1811
2844 699
2844 895
2845 93
2845 154
2846 1362
2846 2670
2847 2044
2847 800
2848 2626
2848 8
2849 1911
2849 399
2850 685
2850 1907
2851 8
2851 5
2852 25
2852 2174
2853 2261
2853 2
2854 1571
2854 88
2855 2455
2855 248
2856 2414
2856 2444
2857 17
2857 2566
2858 570
2858 97
2859 115
2859 607
2860 749
2860 590
2861 49
2861 987
2862 466
2862 2243
2863 30
2863 1425
2864 1297
2864 922
2865 2083
2865 959
2866 33
2866 13
2867 515
2867 1096
2868 2736
2868 2778
2869 154
2869 289
2870 412
2870 415
2871 2099
2871 432
2872 2059
2872 1325
2873 2743
2873 557
2874 84
2874 2615
2875 2490
2875 15
2876 1094
2876 173
2877 362
2877 2147
2878 23
2878 2697
2879 1633
2879 872
2880 578
2880 1598
2881 1334
2881 2531
2882 333
2882 8
2883 544
2883 695
2884 226
2884 131
2885 2648
2885 1280
2886 27
2886 776
2887 353
2887 63
2888 2574
2888 970
2889 1462
2889 663
2890 27
2890 1253
2891 742
2891 589
2892 705
2892 2105
2893 76
2893 30
2894 2823
2894 323
2895 1368
2895 515
2896 2713
2896 2693
2897 348
2897 2740
2898 324
2898 51
2899 1293
2899 2
2900 118
2900 101
2901 366
2901 755
2902 1847
2902 1870
2903 1228
2903 131
2904 0
2904 2305
2905 348
2905 4
2906 713
2906 349
2907 2000
2907 73
2908 667
2908 1427
2909 1268
2909 679
2910 2398
2910 1079
2911 497
2911 56
2912 376
2912 439
2913 53
2913 2327
2914 2357
2914 0
2915 773
2915 16
2916 1110
2916 94
2917 1468
2917 2
2918 2281
2918 1321
2919 762
2919 768
2920 1448
2920 1885
2921 0
2921 1024
2922 1874
2922 2195
2923 2378
2923 324
2924 85
2924 1458
2925 2623
2925 52
2926 163
2926 210
2927 1140
2927 959
2928 19
2928 44
2929 1461
2929 80
2930 126
2930 1699
2931 385
2931 1069
2932 2
2932 2424
2933 55
2933 43
2934 0
2934 81
2935 39
2935 1239
2936 1505
2936 1666
2937 561
2937 387
2938 1480
2938 2738
2939 814
2939 362
2940 176
2940 128
2941 212
2941 866
2942 1046
2942 427
2943 1135
2943 2563
2944 2900
2944 19
2945 751
2945 313
2946 2349
2946 241
2947 6
2947 655
2948 1985
2948 162
2949 79
2949 2545
2950 2440
2950 1491
2951 667
2951 1347
2952 2044
2952 1917
2953 1344
2953 1090
2954 316
2954 1472
2955 655
2955 3
2956 53
2956 448
2957 28
2957 19
2958 46
2958 321
2959 145
2959 2805
2960 1183
2960 1056
2961 1958
2961 1474
2962 2289
2962 22
2963 0
2963 422
2964 66
2964 679
2965 12
2965 1740
2966 1184
2966 39
2967 2781
2967 518
2968 278
2968 21
2969 20
2969 2
2970 239
2970 118
2971 473
2971 2030
2972 731
2972 494
2973 212
2973 0
2974 32
2974 1128
2975 815
2975 622
2976 348
2976 105
2977 115
2977 2093
2978 5
2978 71
2979 114
2979 7
2980 352
2980 72
2981 557
2981 1270
2982 303
2982 1089
2983 2502
2983 1057
2984 2624
2984 86
2985 9
2985 2636
2986 1147
2986 367
2987 2772
2987 1262
2988 3
2988 2796
2989 2899
2989 17
2990 1553
2990 1264
2991 1694
2991 640
2992 2858
2992 2345
2993 980
2993 2741
2994 48
2994 204
2995 1457
2995 1009
2996 756
2996 325
2997 795
2997 30
2998 711
2998 995
2999 2326
2999 244
3000 2025
3000 25
3001 239
3001 453
3002 2896
3002 0
3003 1212
3003 21
3004 1107
3004 221
3005 1395
3005 402
3006 338
3006 890
3007 798
3007 951
3008 2532
3008 482
3009 1867
3009 93
3010 1087
3010 236
3011 2578
3011 2743
3012 876
3012 1681
3013 44
3013 1299
3014 178
3014 560
3015 1151
3015 715
3016 1529
3016 61
3017 2989
3017 971
3018 1112
3018 212
3019 354
3019 2764
3020 18
3020 241
3021 119
3021 823
3022 83
3022 46
3023 1156
3023 2033
3024 69
3024 148
3025 555
3025 111
3026 252
3026 27
3027 878
3027 331
3028 12
3028 2506
3029 2719
3029 2338
3030 710
3030 1236
3031 477
3031 1
3032 3004
3032 44
3033 129
3033 2072
3034 1495
3034 12
3035 115
3035 271
3036 894
3036 0
3037 381
3037 79
3038 10
3038 27
3039 1393
3039 263
3040 641
3040 1693
3041 2888
3041 304
3042 2
3042 2669
3043 1706
3043 1632
3044 222
3044 1904
3045 2626
3045 15
3046 2161
3046 1559
3047 118
3047 1307
3048 599
3048 151
3049 238
3049 2876
3050 305
3050 436
3051 107
3051 243
3052 1503
3052 529
3053 11
3053 885
3054 663
3054 62
3055 1
3055 392
3056 3027
3056 381
3057 19
3057 2
3058 1134
3058 371
3059 28
3059 976
3060 1394
3060 169
3061 575
3061 2405
3062 3010
3062 2
3063 2849
3063 636
3064 30
3064 1216
3065 2342
3065 908
3066 58
3066 2591
3067 1195
3067 88
3068 1060
3068 952
3069 222
3069 1418
3070 1553
3070 42
3071 671
3071 1609
3072 2576
3072 1051
3073 1452
3073 28
3074 41
3074 52
3075 241
3075 2812
3076 31
3076 2826
3077 1685
3077 414
3078 2295
3078 610
3079 239
3079 61
3080 514
3080 477
3081 728
3081 1641
3082 526
3082 3034
3083 980
3083 1609
3084 1717
3084 1559
3085 2917
3085 978
3086 1447
3086 1015
3087 1744
3087 701
3088 1435
3088 990
3089 1536
3089 140
3090 874
3090 1562
3091 751
3091 748
3092 1363
3092 780
3093 823
3093 1273
3094 15
3094 59
3095 2
3095 1789
3096 957
3096 1036
3097 837
3097 759
3098 2662
3098 1086
3099 1740
3099 446
3100 572
3100 2104
3101 1195
3101 2666
3102 1696
3102 761
3103 3018
3103 784
3104 677
3104 126
3105 2110
3105 40
3106 285
3106 1641
3107 1560
3107 1649
3108 19
3108 1247
3109 1921
3109 2257
3110 1178
3110 15
3111 131
3111 2415
3112 1048
3112 1615
3113 132
3113 1609
3114 2561
3114 661
3115 1214
3115 51
3116 432
3116 1907
3117 2124
3117 2007
3118 979
3118 2184
3119 613
3119 1370
3120 0
3120 739
3121 13
3121 162
3122 37
3122 1701
3123 2868
3123 69
3124 2059
3124 32
3125 2558
3125 801
3126 3110
3126 285
3127 69
3127 222
3128 203
3128 402
3129 5
3129 527
3130 2312
3130 1504
3131 12
3131 2257
3132 1456
3132 472
3133 2806
3133 960
3134 61
3134 2121
3135 429
3135 1920
3136 2042
3136 93
3137 342
3137 2777
3138 531
3138 680
3139 163
3139 0
3140 718
3140 58
3141 2823
3141 2600
3142 230
3142 698
3143 1545
3143 206
3144 3026
3144 3073
3145 584
3145 313
3146 2153
3146 1625
3147 2
3147 2952
3148 1496
3148 95
3149 1122
3149 799
3150 3088
3150 1050
3151 1997
3151 164
3152 2452
3152 1838
3153 3129
3153 2869
3154 2629
3154 13
3155 583
3155 3148
3156 0
3156 39
3157 128
3157 93
3158 1234
3158 118
3159 737
3159 53
3160 2
3160 244
3161 0
3161 32
3162 1329
3162 163
3163 1576
3163 2578
3164 10
3164 2839
3165 1461
3165 1128
3166 529
3166 318
3167 555
3167 1236
3168 611
3168 994
3169 728
3169 69
3170 1165
3170 612
3171 85
3171 1153
3172 53
3172 5
3173 2744
3173 2690
3174 928
3174 51
3175 1559
3175 1401
3176 62
3176 454
3177 133
3177 2973
3178 2899
3178 96
3179 1021
3179 19
3180 1121
3180 308
3181 2220
3181 1530
3182 2050
3182 341
3183 517
3183 475
3184 1397
3184 1831
3185 2288
3185 704
3186 524
3186 398
3187 299
3187 1558
3188 358
3188 614
3189 2575
3189 8
3190 982
3190 1261
3191 134
3191 115
3192 90
3192 2107
3193 6
3193 1031
3194 293
3194 981
3195 345
3195 303
3196 2727
3196 1505
3197 314
3197 728
3198 2848
3198 713
3199 882
3199 13
3200 53
3200 1031
3201 1269
3201 467
3202 560
3202 2689
3203 1000
3203 829
3204 2401
3204 134
3205 21
3205 162
3206 2524
3206 301
3207 1235
3207 27
3208 6
3208 1137
3209 1134
3209 3090
3210 2369
3210 2181
3211 681
3211 2622
3212 94
3212 2471
3213 1526
3213 84
3214 1983
3214 89
3215 642
3215 2608
3216 2358
3216 1510
3217 2655
3217 807
3218 2338
3218 1
3219 1741
3219 2815
3220 2099
3220 1038
3221 481
3221 473
3222 1758
3222 1407
3223 460
3223 256
3224 1153
3224 118
3225 432
3225 880
3226 2402
3226 6
3227 525
3227 24
3228 391
3228 2637
3229 2
3229 749
3230 102
3230 487
3231 108
3231 2030
3232 1393
3232 2580
3233 1532
3233 725
3234 8
3234 1800
3235 2414
3235 2959
3236 1758
3236 1553
3237 1488
3237 63
3238 5
3238 1071
3239 69
3239 93
3240 3238
3240 1181
3241 810
3241 1206
3242 2523
3242 1941
3243 712
3243 2699
3244 1065
3244 13
3245 1161
3245 13
3246 2861
3246 79
3247 560
3247 1015
3248 1808
3248 552
3249 224
3249 1347
3250 61
3250 353
3251 640
3251 2546
3252 3110
3252 840
3253 205
3253 109
3254 24
3254 861
3255 1498
3255 973
3256 1350
3256 0
3257 2442
3257 182
3258 2
3258 15
3259 1203
3259 2487
3260 452
3260 19
3261 1647
3261 657
3262 20
3262 53
3263 224
3263 662
3264 140
3264 212
3265 1693
3265 2341
3266 2878
3266 50
3267 15
3267 2712
3268 1664
3268 80
3269 569
3269 511
3270 221
3270 545
3271 69
3271 473
3272 377
3272 1809
3273 611
3273 2620
3274 2758
3274 1040
3275 2104
3275 642
3276 1010
3276 1419
3277 663
3277 580
3278 189
3278 50
3279 1824
3279 400
3280 2000
3280 109
3281 2259
3281 707
3282 2580
3282 513
3283 391
3283 635
3284 3122
3284 107
3285 320
3285 2494
3286 2925
3286 3028
3287 352
3287 919
3288 434
3288 3100
3289 11
3289 3018
3290 1643
3290 1044
3291 2868
3291 3225
3292 60
3292 412
3293 627
3293 1489
3294 19
3294 157
3295 23
3295 155
3296 3147
3296 566
3297 2918
3297 264
3298 685
3298 1904
3299 13
3299 1680
3300 20
3300 1608
3301 2066
3301 322
3302 304
3302 1224
3303 18
3303 661
3304 2023
3304 848
3305 144
3305 1891
3306 1198
3306 793
3307 2118
3307 482
3308 2836
3308 23
3309 2915
3309 1427
3310 333
3310 3060
3311 106
3311 162
3312 2165
3312 988
3313 365
3313 1126
3314 1810
3314 423
3315 2778
3315 842
3316 548
3316 460
3317 785
3317 602
3318 468
3318 1142
3319 19
3319 2661
3320 1860
3320 2894
3321 885
3321 35
3322 1033
3322 566
3323 2138
3323 21
3324 615
3324 2814
3325 1348
3325 421
3326 300
3326 908
3327 1841
3327 433
3328 752
3328 8
3329 342
3329 557
3330 76
3330 2901
3331 2277
3331 2472
3332 1374
3332 2510
3333 983
3333 1336
3334 679
3334 178
3335 2776
3335 1580
3336 1556
3336 321
3337 57
3337 2
3338 391
3338 15
3339 548
3339 1818
3340 1444
3340 3060
3341 1220
3341 12
3342 1474
3342 1532
3343 1108
3343 319
3344 1212
3344 1018
3345 3
3345 1089
3346 414
3346 1542
3347 94
3347 372
3348 464
3348 2201
3349 43
3349 1112
3350 85
3350 48
3351 2722
3351 511
3352 3075
3352 2611
3353 1067
3353 3238
3354 237
3354 2045
3355 1329
3355 159
3356 291
3356 845
3357 3043
3357 293
3358 285
3358 1029
3359 728
3359 1369
3360 2680
3360 3113
3361 832
3361 1498
3362 12
3362 189
3363 568
3363 2566
3364 285
3364 1458
3365 997
3365 974
3366 5
3366 432
3367 407
3367 491
3368 785
3368 51
3369 548
3369 1725
3370 0
3370 2077
3371 937
3371 0
3372 1731
3372 2949
3373 334
3373 3105
3374 739
3374 2445
3375 2216
3375 432
3376 2684
3376 695
3377 3163
3377 2979
3378 23
3378 204
3379 1888
3379 1213
3380 60
3380 164
3381 1701
3381 2973
3382 372
3382 2842
3383 65
3383 3243
3384 2312
3384 1362
3385 221
3385 2614
3386 866
3386 2170
3387 57
3387 137
3388 808
3388 82
3389 171
3389 1234
3390 1157
3390 1750
3391 1216
3391 42
3392 1080
3392 907
3393 614
3393 21
3394 1183
3394 548
3395 3104
3395 2119
3396 494
3396 577
3397 446
3397 3380
3398 145
3398 274
3399 2458
3399 484
3400 58
3400 1309
3401 23
3401 1277
3402 1248
3402 2293
3403 11
3403 8
3404 1239
3404 663
3405 1380
3405 2124
3406 1974
3406 0
3407 706
3407 126
3408 3197
3408 353
3409 2952
3409 264
3410 281
3410 1121
3411 2769
3411 2565
3412 797
3412 28
3413 1595
3413 1049
3414 5
3414 190
3415 43
3415 171
3416 728
3416 2219
3417 1656
3417 23
3418 264
3418 205
3419 3322
3419 768
3420 1521
3420 19
3421 54
3421 1884
3422 1081
3422 1569
3423 487
3423 2394
3424 1919
3424 2016
3425 1195
3425 2432
3426 2035
3426 402
3427 3020
3427 1001
3428 1573
3428 15
3429 2361
3429 263
3430 1607
3430 1330
3431 17
3431 832
3432 32
3432 540
3433 2657
3433 242
3434 1864
3434 417
3435 2493
3435 2356
3436 137
3436 0
3437 1051
3437 955
3438 1044
3438 373
3439 2848
3439 2035
3440 268
3440 1035
3441 1528
3441 32
3442 513
3442 575
3443 630
3443 3214
3444 358
3444 0
3445 1919
3445 522
3446 1726
3446 305
3447 1247
3447 167
3448 548
3448 244
3449 6
3449 871
3450 2
3450 1771
3451 572
3451 635
3452 1618
3452 142
3453 303
3453 432
3454 15
3454 1108
3455 681
3455 83
3456 153
3456 1137
3457 21
3457 2392
3458 2267
3458 980
3459 631
3459 427
3460 67
3460 259
3461 814
3461 206
3462 1309
3462 990
3463 1006
3463 1348
3464 1299
3464 395
3465 3023
3465 303
3466 2580
3466 252
3467 2
3467 1632
3468 754
3468 2284
3469 585
3469 14
3470 2603
3470 406
3471 157
3471 42
3472 79
3472 8
3473 1130
3473 2351
3474 1397
3474 2407
3475 117
3475 1700
3476 1369
3476 540
3477 272
3477 1418
3478 133
3478 922
3479 1899
3479 1307
3480 0
3480 2758
3481 190
3481 3097
3482 1044
3482 602
3483 2774
3483 126
3484 402
3484 222
3485 1037
3485 524
3486 3380
3486 3253
3487 1250
3487 567
3488 182
3488 2739
3489 704
3489 239
3490 871
3490 2707
3491 2059
3491 31
3492 63
3492 650
3493 3437
3493 2570
3494 38
3494 524
3495 1632
3495 1519
3496 2392
3496 151
3497 372
3497 1343
3498 1795
3498 2257
3499 753
3499 737
3500 3348
3500 3237
3501 3146
3501 462
3502 418
3502 57
3503 591
3503 0
3504 814
3504 707
3505 8
3505 563
3506 1100
3506 2869
3507 12
3507 1521
3508 569
3508 2035
3509 13
3509 0
3510 23
3510 3011
3511 140
3511 66
3512 3144
3512 84
3513 1444
3513 20
3514 53
3514 2015
3515 844
3515 3144
3516 2891
3516 2621
3517 921
3517 2817
3518 2080
3518 423
3519 663
3519 562
3520 2617
3520 3196
3521 3433
3521 3460
3522 28
3522 62
3523 162
3523 2775
3524 1203
3524 193
3525 52
3525 2809
3526 2649
3526 833
3527 402
3527 1643
3528 1115
3528 473
3529 39
3529 563
3530 2537
3530 322
3531 920
3531 566
3532 1869
3532 2371
3533 479
3533 72
3534 1504
3534 129
3535 35
3535 314
3536 2828
3536 715
3537 48
3537 34
3538 1094
3538 331
3539 677
3539 3058
3540 23
3540 895
3541 12
3541 632
3542 253
3542 2
3543 409
3543 1609
3544 216
3544 223
3545 2690
3545 731
3546 838
3546 2893
3547 979
3547 8
3548 204
3548 148
3549 1309
3549 1324
3550 221
3550 2517
3551 2773
3551 211
3552 107
3552 1085
3553 1315
3553 3317
3554 21
3554 2972
3555 14
3555 879
3556 675
3556 614
3557 2248
3557 1120
3558 2840
3558 334
3559 2823
3559 960
3560 3415
3560 2739
3561 197
3561 2574
3562 2921
3562 163
3563 2205
3563 1474
3564 90
3564 2199
3565 185
3565 1815
3566 1482
3566 71
3567 1108
3567 435
3568 2538
3568 223
3569 145
3569 43
3570 1484
3570 2340
3571 2421
3571 97
3572 679
3572 722
3573 1919
3573 144
3574 619
3574 3566
3575 1484
3575 1791
3576 2501
3576 342
3577 1859
3577 3570
3578 5
3578 2022
3579 5
3579 2
3580 100
3580 529
3581 3026
3581 644
3582 2516
3582 13
3583 1476
3583 557
3584 283
3584 0
3585 875
3585 2781
3586 893
3586 2311
3587 800
3587 314
3588 477
3588 140
3589 19
3589 4
3590 294
3590 1209
3591 3082
3591 3406
3592 3576
3592 574
3593 1595
3593 563
3594 3103
3594 363
3595 43
3595 519
3596 91
3596 95
3597 1815
3597 56
3598 975
3598 580
3599 18
3599 1923
3600 137
3600 945
3601 1780
3601 19
3602 1945
3602 8
3603 652
3603 3343
3604 1991
3604 1791
3605 3379
3605 1908
3606 831
3606 1274
3607 165
3607 1571
3608 495
3608 1038
3609 2121
3609 2552
3610 1407
3610 1060
3611 485
3611 888
3612 2092
3612 117
3613 2896
3613 0
3614 858
3614 165
3615 1122
3615 415
3616 138
3616 399
3617 231
3617 384
3618 406
3618 1525
3619 115
3619 2993
3620 198
3620 1269
3621 1332
3621 1686
3622 202
3622 585
3623 369
3623 53
3624 2075
3624 2756
3625 2120
3625 642
3626 42
3626 1874
3627 2973
3627 2155
3628 50
3628 3506
3629 469
3629 815
3630 696
3630 1368
3631 1012
3631 477
3632 140
3632 1924
3633 1143
3633 911
3634 2508
3634 39
3635 39
3635 1717
3636 1286
3636 162
3637 123
3637 79
3638 83
3638 118
3639 474
3639 1222
3640 3356
3640 710
3641 3192
3641 2750
3642 186
3642 783
3643 18
3643 1115
3644 3473
3644 90
3645 1321
3645 2281
3646 912
3646 1630
3647 439
3647 84
3648 84
3648 544
3649 2993
3649 1320
3650 3147
3650 21
3651 1874
3651 2653
3652 2341
3652 438
3653 2152
3653 53
3654 19
3654 1250
3655 46
3655 53
3656 878
3656 1025
3657 13
3657 3626
3658 305
3658 158
3659 809
3659 3152
3660 0
3660 2054
3661 35
3661 649
3662 36
3662 3
3663 1045
3663 1641
3664 2211
3664 1146
3665 1279
3665 0
3666 571
3666 85
3667 2801
3667 3007
3668 1783
3668 754
3669 42
3669 678
3670 918
3670 2811
3671 240
3671 128
3672 162
3672 605
3673 980
3673 1281
3674 521
3674 3202
3675 2739
3675 705
3676 1571
3676 0
3677 246
3677 2000
3678 1105
3678 359
3679 1665
3679 39
3680 52
3680 17
3681 1229
3681 39
3682 1576
3682 2456
3683 1252
3683 333
3684 2251
3684 725
3685 1842
3685 2025
3686 680
3686 1274
3687 1727
3687 3063
3688 176
3688 199
3689 1758
3689 1177
3690 802
3690 855
3691 2216
3691 2055
3692 3670
3692 438
3693 163
3693 3131
3694 521
3694 229
3695 97
3695 71
3696 609
3696 1456
3697 33
3697 3022
3698 213
3698 2784
3699 1252
3699 3004
3700 1744
3700 2851
3701 3282
3701 3168
3702 1611
3702 337
3703 2270
3703 100
3704 1100
3704 1861
3705 732
3705 3309
3706 1992
3706 109
3707 971
3707 69
3708 2937
3708 43
3709 1307
3709 966
3710 1733
3710 522
3711 1
3711 3090
3712 2480
3712 6
3713 262
3713 57
3714 331
3714 2550
3715 2464
3715 323
3716 469
3716 246
3717 2855
3717 3654
3718 987
3718 391
3719 83
3719 703
3720 1118
3720 0
3721 3013
3721 1746
3722 348
3722 1166
3723 2219
3723 2130
3724 817
3724 979
3725 2541
3725 550
3726 478
3726 101
3727 418
3727 2054
3728 1671
3728 3033
3729 2241
3729 240
3730 1308
3730 204
3731 3032
3731 885
3732 1965
3732 3557
3733 6
3733 2781
3734 2201
3734 3091
3735 1503
3735 1050
3736 2868
3736 742
3737 818
3737 242
3738 648
3738 543
3739 517
3739 2205
3740 21
3740 1815
3741 399
3741 138
3742 514
3742 2205
3743 548
3743 1843
3744 2
3744 305
3745 3392
3745 489
3746 264
3746 3476
3747 3671
3747 2462
3748 21
3748 2257
3749 1727
3749 474
3750 151
3750 1293
3751 3396
3751 1210
3752 2317
3752 1992
3753 1343
3753 464
3754 3550
3754 625
3755 831
3755 773
3756 2524
3756 29
3757 3202
3757 3185
3758 1376
3758 20
3759 2104
3759 2059
3760 2571
3760 246
3761 3592
3761 2712
3762 2667
3762 1786
3763 903
3763 1078
3764 240
3764 372
3765 771
3765 357
3766 676
3766 140
3767 529
3767 208
3768 1716
3768 162
3769 44
3769 1994
3770 907
3770 1595
3771 3108
3771 1522
3772 1853
3772 305
3773 240
3773 1031
3774 1702
3774 159
3775 1840
3775 458
3776 2095
3776 726
3777 2341
3777 3671
3778 1340
3778 1496
3779 107
3779 650
3780 1437
3780 669
3781 1090
3781 5
3782 945
3782 2541
3783 3614
3783 278
3784 2468
3784 526
3785 222
3785 1652
3786 1238
3786 445
3787 868
3787 2832
3788 163
3788 3543
3789 2636
3789 446
3790 2203
3790 2084
3791 2872
3791 2268
3792 107
3792 1674
3793 197
3793 3543
3794 1633
3794 2835
3795 1041
3795 2546
3796 90
3796 2559
3797 303
3797 1006
3798 2082
3798 215
3799 3282
3799 992
3800 2273
3800 514
3801 160
3801 1870
3802 46
3802 1869
3803 527
3803 19
3804 2963
3804 1773
3805 2539
3805 1750
3806 1274
3806 202
3807 2023
3807 1887
3808 755
3808 855
3809 609
3809 634
3810 676
3810 8
3811 238
3811 990
3812 2191
3812 154
3813 364
3813 815
3814 2588
3814 1758
3815 1433
3815 162
3816 2608
3816 557
3817 2697
3817 1030
3818 118
3818 2720
3819 2017
3819 16
3820 118
3820 119
3821 1669
3821 2
3822 3757
3822 2017
3823 1849
3823 1489
3824 1060
3824 69
3825 1090
3825 17
3826 897
3826 3385
3827 3085
3827 2480
3828 3328
3828 622
3829 94
3829 57
3830 144
3830 251
3831 1487
3831 904
3832 400
3832 213
3833 3461
3833 1704
3834 1158
3834 342
3835 1
3835 137
3836 359
3836 1914
3837 1461
3837 245
3838 2295
3838 42
3839 209
3839 1803
3840 3514
3840 171
3841 3667
3841 5
3842 1324
3842 149
3843 676
3843 2769
3844 2855
3844 382
3845 1146
3845 406
3846 2947
3846 399
3847 93
3847 398
3848 2919
3848 1752
3849 1021
3849 69
3850 2656
3850 451
3851 2248
3851 354
3852 1020
3852 1096
3853 1485
3853 162
3854 322
3854 2642
3855 3797
3855 2248
3856 3670
3856 333
3857 2155
3857 3374
3858 1549
3858 728
3859 222
3859 130
3860 2050
3860 152
3861 69
3861 356
3862 937
3862 3097
3863 3603
3863 753
3864 45
3864 3121
3865 6
3865 277
3866 2317
3866 605
3867 2199
3867 2748
3868 460
3868 324
3869 194
3869 1107
3870 133
3870 2198
3871 42
3871 331
3872 2385
3872 1164
3873 2618
3873 2447
3874 72
3874 2219
3875 3250
3875 1409
3876 2642
3876 344
3877 417
3877 894
3878 44
3878 222
3879 42
3879 697
3880 1375
3880 1505
3881 1392
3881 74
3882 2539
3882 1465
3883 2704
3883 263
3884 1939
3884 2502
3885 3465
3885 166
3886 540
3886 3860
3887 615
3887 17
3888 767
3888 2197
3889 278
3889 960
3890 2412
3890 375
3891 1
3891 439
3892 58
3892 48
3893 2451
3893 1470
3894 288
3894 3395
3895 261
3895 855
3896 1087
3896 3737
3897 1136
3897 2139
3898 1470
3898 1786
3899 1
3899 75
3900 1108
3900 55
3901 1361
3901 323
3902 299
3902 2424
3903 25
3903 494
3904 696
3904 29
3905 430
3905 3506
3906 69
3906 87
3907 18
3907 3713
3908 1160
3908 942
3909 1380
3909 566
3910 752
3910 3150
3911 590
3911 17
3912 1236
3912 167
3913 3424
3913 3868
3914 3514
3914 81
3915 2435
3915 28
3916 1277
3916 419
3917 3898
3917 1458
3918 2938
3918 407
3919 1838
3919 1554
3920 285
3920 239
3921 1820
3921 57
3922 557
3922 17
3923 1852
3923 1068
3924 746
3924 420
3925 3246
3925 108
3926 245
3926 9
3927 2433
3927 2308
3928 3738
3928 1348
3929 30
3929 153
3930 1080
3930 2574
3931 1040
3931 262
3932 3058
3932 74
3933 616
3933 702
3934 158
3934 2577
3935 3513
3935 1338
3936 2120
3936 3266
3937 1466
3937 0
3938 2828
3938 0
3939 159
3939 1046
3940 1792
3940 1249
3941 308
3941 2648
3942 84
3942 342
3943 2591
3943 13
3944 2
3944 14
3945 521
3945 3695
3946 105
3946 2653
3947 199
3947 5
3948 2716
3948 2759
3949 3422
3949 2
3950 1042
3950 668
3951 331
3951 2157
3952 52
3952 0
3953 470
3953 1907
3954 1886
3954 1126
3955 3922
3955 25
3956 2741
3956 970
3957 0
3957 2655
3958 2033
3958 115
3959 2083
3959 197
3960 874
3960 2646
3961 765
3961 3013
3962 645
3962 3916
3963 982
3963 0
3964 813
3964 126
3965 2903
3965 3782
3966 3030
3966 190
3967 460
3967 2920
3968 1427
3968 2652
3969 1136
3969 1727
3970 2676
3970 2020
3971 2
3971 2598
3972 1414
3972 1750
3973 61
3973 574
3974 6
3974 2631
3975 562
3975 3543
3976 68
3976 61
3977 1603
3977 1613
3978 0
3978 2665
3979 3442
3979 37
3980 415
3980 131
3981 2250
3981 1012
3982 3101
3982 15
3983 1358
3983 2526
3984 683
3984 2301
3985 1921
3985 1060
3986 3544
3986 1946
3987 1848
3987 415
3988 14
3988 3967
3989 1009
3989 938
3990 3082
3990 309
3991 864
3991 1136
3992 3658
3992 2125
3993 296
3993 2656
3994 516
3994 1061
3995 3583
3995 1966
3996 212
3996 84
3997 162
3997 2713
3998 6
3998 2638
3999 3210
3999 2000
4000 94
4000 0
4001 1585
4001 1224
4002 661
4002 2376
4003 459
4003 728
4004 3282
4004 6
4005 1800
4005 3798
4006 5
4006 326
4007 1147
4007 3484
4008 3377
4008 2365
4009 2610
4009 2036
4010 1309
4010 1632
4011 1406
4011 182
4012 3024
4012 733
4013 40
4013 0
4014 2460
4014 1790
4015 1650
4015 2647
4016 1876
4016 1069
4017 468
4017 484
4018 804
4018 314
4019 1114
4019 3439
4020 11
4020 293
4021 415
4021 50
4022 0
4022 2081
4023 324
4023 1090
4024 46
4024 53
4025 3937
4025 51
4026 2260
4026 42
4027 1311
4027 17
4028 2899
4028 512
4029 2727
4029 1350
4030 2174
4030 3472
4031 3051
4031 39
4032 15
4032 1096
4033 3616
4033 1649
4034 1145
4034 2238
4035 12
4035 2054
4036 5
4036 3655
4037 1384
4037 1051
4038 0
4038 3189
4039 3864
4039 2150
4040 789
4040 829
4041 104
4041 2202
4042 117
4042 523
4043 191
4043 46
4044 2001
4044 1427
4045 169
4045 3062
4046 992
4046 84
4047 1968
4047 828
4048 175
4048 1052
4049 3158
4049 766
4050 382
4050 1688
4051 303
4051 1276
4052 2370
4052 42
4053 3631
4053 3124
4054 2258
4054 585
4055 18
4055 319
4056 39
4056 0
4057 381
4057 402
4058 15
4058 1956
4059 175
4059 2727
4060 24
4060 3000
4061 1046
4061 3001
4062 0
4062 136
4063 69
4063 3191
4064 802
4064 478
4065 2806
4065 316
4066 1488
4066 728
4067 1733
4067 1082
4068 10
4068 361
4069 1839
4069 973
4070 1895
4070 94
4071 367
4071 427
4072 6
4072 2869
4073 3833
4073 399
4074 183
4074 2959
4075 348
4075 802
4076 2468
4076 1507
4077 1813
4077 1345
4078 583
4078 1554
4079 497
4079 4058
4080 1338
4080 396
4081 2010
4081 32
4082 0
4082 163
4083 3370
4083 2780
4084 1005
4084 0
4085 19
4085 835
4086 3224
4086 2774
4087 617
4087 1595
4088 951
4088 0
4089 24
4089 293
4090 4081
4090 192
4091 1757
4091 1838
4092 1307
4092 3604
4093 2516
4093 1129
4094 468
4094 1027
4095 3566
4095 3904
4096 3201
4096 12
4097 0
4097 96
4098 1087
4098 1380
4099 151
4099 3322
4100 532
4100 2082
4101 3472
4101 252
4102 853
4102 0
4103 1024
4103 1569
4104 165
4104 3057
4105 3682
4105 2104
4106 2580
4106 0
4107 495
4107 2120
4108 1725
4108 2576
4109 704
4109 218
4110 113
4110 1130
4111 3538
4111 2578
4112 226
4112 1008
4113 1114
4113 862
4114 164
4114 4010
4115 2
4115 162
4116 3843
4116 17
4117 930
4117 2063
4118 72
4118 584
4119 376
4119 3715
4120 136
4120 705
4121 47
4121 992
4122 754
4122 2220
4123 543
4123 1568
4124 187
4124 2458
4125 2111
4125 36
4126 3245
4126 516
4127 3546
4127 44
4128 993
4128 52
4129 802
4129 311
4130 119
4130 3779
4131 1841
4131 591
4132 3285
4132 3409
4133 935
4133 446
4134 3
4134 657
4135 492
4135 5
4136 23
4136 278
4137 58
4137 477
4138 3416
4138 1238
4139 189
4139 171
4140 169
4140 654
4141 693
4141 0
4142 669
4142 2576
4143 1322
4143 532
4144 792
4144 178
4145 2506
4145 159
4146 2372
4146 3214
4147 997
4147 3510
4148 1665
4148 30
4149 1459
4149 305
4150 56
4150 3679
4151 2818
4151 964
4152 1786
4152 116
4153 1465
4153 755
4154 2550
4154 0
4155 8
4155 404
4156 620
4156 410
4157 196
4157 2184
4158 3969
4158 202
4159 2198
4159 1663
4160 2150
4160 1611
4161 3553
4161 949
4162 187
4162 346
4163 471
4163 2529
4164 2531
4164 1806
4165 990
4165 2898
4166 2682
4166 3796
4167 2664
4167 1588
4168 24
4168 1040
4169 2034
4169 1459
4170 605
4170 908
4171 3417
4171 115
4172 3183
4172 3308
4173 3683
4173 1079
4174 2330
4174 93
4175 1435
4175 3196
4176 1430
4176 1378
4177 320
4177 751
4178 964
4178 1893
4179 1208
4179 199
4180 3434
4180 0
4181 3098
4181 286
4182 821
4182 3646
4183 63
4183 42
4184 555
4184 3910
4185 557
4185 673
4186 752
4186 1414
4187 3450
4187 167
4188 3395
4188 3167
4189 3946
4189 492
4190 2503
4190 353
4191 2974
4191 33
4192 8
4192 228
4193 102
4193 467
4194 720
4194 2988
4195 2260
4195 2527
4196 3423
4196 1664
4197 16
4197 2572
4198 1205
4198 66
4199 1918
4199 8
4200 1069
4200 1388
4201 286
4201 2106
4202 504
4202 1281
4203 243
4203 685
4204 3074
4204 2331
4205 2426
4205 1312
4206 2475
4206 998
4207 2742
4207 2024
4208 3287
4208 2789
4209 3892
4209 797
4210 2528
4210 2390
4211 662
4211 1557
4212 257
4212 1522
4213 2249
4213 1891
4214 4001
4214 2165
4215 1547
4215 2868
4216 2572
4216 2607
4217 44
4217 2127
4218 3263
4218 2419
4219 1424
4219 3944
4220 3440
4220 105
4221 2958
4221 1119
4222 2610
4222 3459
4223 484
4223 1779
4224 74
4224 333
4225 1272
4225 252
4226 1679
4226 1384
4227 1576
4227 300
4228 478
4228 2277
4229 876
4229 320
4230 1443
4230 2747
4231 780
4231 585
4232 851
4232 4212
4233 1006
4233 493
4234 2004
4234 1
4235 2256
4235 13
4236 2612
4236 2506
4237 1912
4237 3433
4238 338
4238 217
4239 1686
4239 3713
4240 11
4240 0
4241 3824
4241 37
4242 289
4242 795
4243 3837
4243 529
4244 2307
4244 20
4245 287
4245 2
4246 20
4246 1408
4247 1
4247 3077
4248 3653
4248 2655
4249 2612
4249 3981
4250 1419
4250 883
4251 666
4251 214
4252 980
4252 187
4253 145
4253 973
4254 1815
4254 1086
4255 160
4255 2410
4256 540
4256 3400
4257 314
4257 829
4258 2048
4258 1838
4259 171
4259 3687
4260 1664
4260 1397
4261 275
4261 84
4262 4198
4262 2482
4263 2194
4263 880
4264 308
4264 33
4265 3723
4265 550
4266 927
4266 1391
4267 1176
4267 3841
4268 1921
4268 4056
4269 84
4269 59
4270 38
4270 17
4271 13
4271 258
4272 511
4272 349
4273 58
4273 331
4274 2240
4274 1691
4275 2655
4275 4225
4276 117
4276 162
4277 140
4277 277
4278 2293
4278 43
4279 973
4279 2338
4280 224
4280 346
4281 304
4281 880
4282 1759
4282 45
4283 1537
4283 1755
4284 637
4284 13
4285 304
4285 3638
4286 3243
4286 3556
4287 241
4287 3806
4288 1217
4288 3676
4289 2190
4289 4045
4290 3797
4290 3306
4291 4180
4291 2723
4292 24
4292 111
4293 4194
4293 1191
4294 2275
4294 289
4295 2012
4295 1786
4296 704
4296 23
4297 1865
4297 991
4298 34
4298 155
4299 51
4299 3648
4300 1325
4300 1339
4301 3638
4301 1554
4302 1296
4302 1857
4303 60
4303 183
4304 2575
4304 2357
4305 1370
4305 1706
4306 1634
4306 8
4307 2178
4307 3109
4308 4066
4308 2740
4309 170
4309 748
4310 237
4310 3612
4311 2298
4311 57
4312 3075
4312 243
4313 2153
4313 35
4314 3338
4314 1003
4315 3781
4315 0
4316 6
4316 2
4317 2699
4317 281
4318 2064
4318 1152
4319 8
4319 3973
4320 1810
4320 910
4321 18
4321 2992
4322 2996
4322 46
4323 2468
4323 1068
4324 5
4324 129
4325 454
4325 2472
4326 729
4326 638
4327 1075
4327 908
4328 35
4328 1974
4329 4056
4329 1715
4330 2972
4330 3477
4331 4281
4331 3505
4332 1284
4332 489
4333 3963
4333 1012
4334 975
4334 883
4335 2969
4335 1584
4336 928
4336 238
4337 786
4337 4223
4338 453
4338 4092
4339 994
4339 890
4340 20
4340 1071
4341 3114
4341 552
4342 93
4342 1095
4343 18
4343 227
4344 2579
4344 1766
4345 958
4345 136
4346 1750
4346 671
4347 1946
4347 17
4348 998
4348 52
4349 1975
4349 840
4350 1921
4350 15
4351 116
4351 2458
4352 830
4352 414
4353 8
4353 3
4354 58
4354 49
4355 1445
4355 1598
4356 695
4356 984
4357 941
4357 2141
4358 1824
4358 3706
4359 5
4359 846
4360 3667
4360 0
4361 3914
4361 3669
4362 81
4362 84
4363 501
4363 3782
4364 2050
4364 567
4365 4085
4365 1844
4366 231
4366 1036
4367 959
4367 2004
4368 481
4368 48
4369 162
4369 864
4370 0
4370 678
4371 4286
4371 42
4372 3129
4372 2719
4373 432
4373 4084
4374 1160
4374 1345
4375 952
4375 737
4376 4203
4376 3
4377 1226
4377 943
4378 3145
4378 2396
4379 466
4379 1771
4380 0
4380 1309
4381 711
4381 3604
4382 25
4382 288
4383 1626
4383 2947
4384 446
4384 574
4385 1503
4385 1418
4386 885
4386 1849
4387 3511
4387 1346
4388 3177
4388 447
4389 602
4389 2311
4390 2123
4390 434
4391 2947
4391 1184
4392 1108
4392 15
4393 1278
4393 1804
4394 1282
4394 535
4395 409
4395 1766
4396 0
4396 42
4397 573
4397 381
4398 13
4398 3378
4399 461
4399 63
4400 2512
4400 303
4401 1829
4401 3880
4402 3429
4402 95
4403 2279
4403 94
4404 3336
4404 199
4405 1506
4405 4
4406 1198
4406 672
4407 3166
4407 1566
4408 957
4408 4011
4409 1613
4409 136
4410 3698
4410 72
4411 181
4411 58
4412 3472
4412 3540
4413 153
4413 94
4414 1417
4414 835
4415 1675
4415 155
4416 318
4416 2501
4417 576
4417 149
4418 1638
4418 2259
4419 1431
4419 739
4420 2524
4420 3916
4421 407
4421 2414
4422 1258
4422 4116
4423 609
4423 352
4424 2530
4424 63
4425 4357
4425 5
4426 2852
4426 1763
4427 234
4427 129
4428 2529
4428 2110
4429 3335
4429 229
4430 2712
4430 152
4431 21
4431 358
4432 3624
4432 2761
4433 2250
4433 304
4434 4105
4434 1415
4435 1
4435 818
4436 661
4436 136
4437 4414
4437 1393
4438 69
4438 1436
4439 2296
4439 1855
4440 69
4440 1222
4441 1818
4441 162
4442 694
4442 42
4443 1456
4443 2847
4444 284
4444 612
4445 102
4445 1614
4446 418
4446 870
4447 294
4447 2175
4448 2046
4448 2017
4449 2043
4449 183
4450 2677
4450 2000
4451 981
4451 341
4452 531
4452 136
4453 2824
4453 2294
4454 45
4454 247
4455 3166
4455 1853
4456 4403
4456 0
4457 680
4457 4209
4458 851
4458 2
4459 3338
4459 1919
4460 335
4460 246
4461 663
4461 3841
4462 555
4462 469
4463 2201
4463 568
4464 552
4464 44
4465 1388
4465 986
4466 3626
4466 58
4467 0
4467 286
4468 1582
4468 2400
4469 39
4469 973
4470 23
4470 3850
4471 2085
4471 896
4472 286
4472 2111
4473 1259
4473 486
4474 1381
4474 544
4475 864
4475 6
4476 3761
4476 163
4477 4339
4477 3542
4478 0
4478 5
4479 2837
4479 30
4480 606
4480 943
4481 4061
4481 1766
4482 6
4482 4457
4483 223
4483 1904
4484 2855
4484 1361
4485 506
4485 1714
4486 1813
4486 1443
4487 5
4487 358
4488 1800
4488 3032
4489 1094
4489 242
4490 3895
4490 4439
4491 18
4491 963
4492 14
4492 3623
4493 3836
4493 2653
4494 2140
4494 1030
4495 1576
4495 2642
4496 2515
4496 4210
4497 222
4497 261
4498 341
4498 320
4499 83
4499 3722
4500 872
4500 931
4501 890
4501 35
4502 482
4502 877
4503 552
4503 3458
4504 17
4504 356
4505 1108
4505 529
4506 842
4506 876
4507 3087
4507 4123
4508 3127
4508 1149
4509 582
4509 3216
4510 1508
4510 395
4511 1190
4511 392
4512 2712
4512 2414
4513 8
4513 245
4514 2554
4514 1671
4515 3511
4515 2979
4516 1376
4516 2150
4517 639
4517 1617
4518 27
4518 84
4519 526
4519 597
4520 1121
4520 3614
4521 116
4521 1006
4522 1396
4522 61
4523 2636
4523 519
4524 1152
4524 3566
4525 1664
4525 664
4526 17
4526 432
4527 3259
4527 1875
4528 83
4528 1228
4529 526
4529 3025
4530 169
4530 519
4531 1339
4531 880
4532 52
4532 1891
4533 3785
4533 262
4534 356
4534 1178
4535 1080
4535 1838
4536 53
4536 991
4537 0
4537 3053
4538 2241
4538 13
4539 364
4539 1107
4540 3235
4540 1966
4541 3476
4541 3579
4542 248
4542 1221
4543 2495
4543 170
4544 266
4544 511
4545 1631
4545 2417
4546 319
4546 2404
4547 1754
4547 642
4548 90
4548 1273
4549 60
4549 505
4550 1474
4550 278
4551 63
4551 186
4552 554
4552 4142
4553 4207
4553 2634
4554 131
4554 2
4555 151
4555 2681
4556 1870
4556 948
4557 3855
4557 3392
4558 197
4558 1684
4559 3057
4559 6
4560 113
4560 3092
4561 5
4561 13
4562 3761
4562 115
4563 35
4563 721
4564 547
4564 1041
4565 727
4565 2615
4566 1126
4566 2885
4567 24
4567 418
4568 1733
4568 62
4569 19
4569 429
4570 1348
4570 2533
4571 1608
4571 704
4572 3944
4572 545
4573 2
4573 3397
4574 3550
4574 960
4575 4274
4575 1700
4576 2
4576 2373
4577 6
4577 991
4578 3573
4578 678
4579 692
4579 42
4580 164
4580 2241
4581 220
4581 53
4582 1681
4582 743
4583 0
4583 1804
4584 3146
4584 110
4585 62
4585 337
4586 964
4586 15
4587 2931
4587 739
4588 286
4588 472
4589 2631
4589 46
4590 625
4590 1869
4591 473
4591 1013
4592 64
4592 230
4593 3371
4593 3612
4594 922
4594 558
4595 4427
4595 996
4596 303
4596 97
4597 3540
4597 4289
4598 699
4598 547
4599 2588
4599 3431
4600 46
4600 202
4601 1399
4601 11
4602 1264
4602 928
4603 76
4603 330
4604 3990
4604 3051
4605 1393
4605 25
4606 1573
4606 3999
4607 69
4607 338
4608 182
4608 1871
4609 42
4609 4301
4610 2
4610 3198
4611 1433
4611 2797
4612 369
4612 645
4613 23
4613 2438
4614 3527
4614 649
4615 6
4615 1598
4616 2
4616 856
4617 3830
4617 1885
4618 566
4618 0
4619 3029
4619 2090
4620 1299
4620 473
4621 4547
4621 806
4622 653
4622 175
4623 24
4623 381
4624 111
4624 84
4625 15
4625 311
4626 855
4626 4057
4627 3127
4627 19
4628 1923
4628 164
4629 377
4629 958
4630 2602
4630 2901
4631 6
4631 3658
4632 2141
4632 3910
4633 3226
4633 4238
4634 2357
4634 4158
4635 3846
4635 3161
4636 2739
4636 848
4637 1616
4637 2326
4638 205
4638 287
4639 11
4639 10
4640 821
4640 304
4641 1419
4641 605
4642 329
4642 3821
4643 313
4643 2886
4644 4114
4644 1588
4645 42
4645 333
4646 359
4646 411
4647 4274
4647 300
4648 1299
4648 4242
4649 599
4649 2736
4650 4247
4650 499
4651 394
4651 1841
4652 14
4652 1302
4653 300
4653 460
4654 913
4654 3396
4655 2053
4655 2590
4656 2626
4656 1845
4657 162
4657 1801
4658 3275
4658 1467
4659 1399
4659 429
4660 53
4660 420
4661 569
4661 1754
4662 1056
4662 115
4663 2037
4663 3052
4664 744
4664 4165
4665 2107
4665 1525
4666 1813
4666 3806
4667 530
4667 155
4668 547
4668 1182
4669 93
4669 33
4670 2145
4670 3951
4671 17
4671 1156
4672 1115
4672 49
4673 641
4673 213
4674 1604
4674 1276
4675 1205
4675 515
4676 639
4676 438
4677 3627
4677 2134
4678 1829
4678 1349
4679 2758
4679 211
4680 1542
4680 2815
4681 0
4681 3160
4682 3150
4682 635
4683 3182
4683 1462
4684 3649
4684 2630
4685 2594
4685 885
4686 3038
4686 1613
4687 1794
4687 2812
4688 1591
4688 4671
4689 437
4689 60
4690 133
4690 998
4691 51
4691 3121
4692 946
4692 919
4693 680
4693 864
4694 4169
4694 1836
4695 1704
4695 1793
4696 1620
4696 2790
4697 1871
4697 301
4698 246
4698 4236
4699 4425
4699 862
4700 1754
4700 2138
4701 1731
4701 3513
4702 1613
4702 1103
4703 2263
4703 35
4704 5
4704 2392
4705 160
4705 36
4706 1190
4706 144
4707 134
4707 0
4708 3715
4708 214
4709 54
4709 1829
4710 4519
4710 2080
4711 2580
4711 1911
4712 3811
4712 2449
4713 1401
4713 3761
4714 2293
4714 619
4715 1786
4715 308
4716 1268
4716 262
4717 2
4717 42
4718 3137
4718 3588
4719 2517
4719 1449
4720 831
4720 2787
4721 471
4721 304
4722 8
4722 144
4723 277
4723 3263
4724 238
4724 102
4725 12
4725 474
4726 2
4726 2891
4727 1901
4727 630
4728 61
4728 4059
4729 74
4729 162
4730 2843
4730 2165
4731 1229
4731 2973
4732 3104
4732 453
4733 766
4733 3464
4734 51
4734 911
4735 2262
4735 4202
4736 735
4736 1789
4737 715
4737 2999
4738 651
4738 2694
4739 94
4739 13
4740 1907
4740 69
4741 1252
4741 4260
4742 2694
4742 1710
4743 689
4743 3543
4744 378
4744 209
4745 1060
4745 2521
4746 4240
4746 2384
4747 3543
4747 722
4748 2012
4748 1883
4749 2330
4749 2737
4750 346
4750 2763
4751 134
4751 3101
4752 221
4752 3304
4753 2182
4753 1273
4754 749
4754 2720
4755 1269
4755 1991
4756 2805
4756 2744
4757 182
4757 229
4758 2914
4758 4286
4759 445
4759 1842
4760 312
4760 0
4761 195
4761 939
4762 2939
4762 140
4763 3910
4763 4542
4764 3643
4764 261
4765 2048
4765 14
4766 1985
4766 8
4767 2639
4767 3353
4768 3905
4768 1376
4769 0
4769 333
4770 1345
4770 3046
4771 5
4771 3258
4772 1906
4772 4276
4773 3148
4773 3163
4774 189
4774 761
4775 1069
4775 848
4776 250
4776 1879
4777 4654
4777 187
4778 2177
4778 2927
4779 256
4779 137
4780 286
4780 42
4781 1814
4781 17
4782 1921
4782 825
4783 743
4783 434
4784 793
4784 672
4785 823
4785 19
4786 345
4786 3018
4787 3400
4787 4122
4788 1236
4788 341
4789 3063
4789 3992
4790 183
4790 54
4791 169
4791 1169
4792 4177
4792 568
4793 1701
4793 1133
4794 2177
4794 640
4795 2163
4795 874
4796 342
4796 109
4797 4612
4797 4281
4798 443
4798 1874
4799 801
4799 1609
4800 1421
4800 2618
4801 3192
4801 329
4802 3280
4802 2505
4803 207
4803 1328
4804 20
4804 1632
4805 2422
4805 6
4806 980
4806 1277
4807 354
4807 1278
4808 18
4808 3448
4809 2468
4809 3390
4810 195
4810 3131
4811 182
4811 3933
4812 833
4812 93
4813 3783
4813 472
4814 2000
4814 2319
4815 452
4815 4027
4816 337
4816 2684
4817 4303
4817 0
4818 3979
4818 3268
4819 3075
4819 2447
4820 1379
4820 3258
4821 6
4821 0
4822 754
4822 2450
4823 1727
4823 1620
4824 51
4824 2016
4825 120
4825 12
4826 77
4826 2607
4827 95
4827 4810
4828 25
4828 1089
4829 2335
4829 352
4830 1609
4830 4487
4831 2067
4831 84
4832 1349
4832 2196
4833 352
4833 472
4834 4223
4834 990
4835 4145
4835 55
4836 4350
4836 256
4837 22
4837 3501
4838 1566
4838 553
4839 3524
4839 256
4840 550
4840 0
4841 3825
4841 3766
4842 2372
4842 3202
4843 1373
4843 3147
4844 2780
4844 324
4845 3127
4845 53
4846 2517
4846 2898
4847 21
4847 3168
4848 3169
4848 1021
4849 1814
4849 3114
4850 711
4850 852
4851 1373
4851 450
4852 72
4852 21
4853 3054
4853 85
4854 140
4854 158
4855 2510
4855 1437
4856 3553
4856 3119
4857 2074
4857 184
4858 48
4858 1639
4859 1621
4859 23
4860 2259
4860 91
4861 3750
4861 246
4862 239
4862 2445
4863 4326
4863 2201
4864 42
4864 206
4865 47
4865 61
4866 819
4866 2561
4867 2972
4867 4432
4868 282
4868 2366
4869 461
4869 2517
4870 4578
4870 992
4871 720
4871 1902
4872 4688
4872 2896
4873 1155
4873 2484
4874 1722
4874 3480
4875 3986
4875 3114
4876 331
4876 8
4877 541
4877 2176
4878 1294
4878 1040
4879 807
4879 1510
4880 190
4880 4444
4881 2768
4881 4082
4882 909
4882 2505
4883 365
4883 1688
4884 314
4884 988
4885 2075
4885 1102
4886 1066
4886 1198
4887 3579
4887 4788
4888 683
4888 3150
4889 1885
4889 8
4890 205
4890 3884
4891 2260
4891 2931
4892 1876
4892 1751
4893 36
4893 1415
4894 1029
4894 2035
4895 595
4895 4154
4896 222
4896 73
4897 473
4897 262
4898 3464
4898 119
4899 2262
4899 394
4900 91
4900 3798
4901 3955
4901 4128
4902 964
4902 39
4903 1233
4903 2517
4904 1870
4904 831
4905 3108
4905 2474
4906 4791
4906 4599
4907 52
4907 1030
4908 4892
4908 0
4909 2664
4909 2432
4910 1370
4910 1650
4911 2
4911 118
4912 2400
4912 2065
4913 1181
4913 35
4914 1477
4914 113
4915 391
4915 345
4916 3759
4916 1483
4917 286
4917 3712
4918 257
4918 610
4919 503
4919 2597
4920 578
4920 4743
4921 2450
4921 1286
4922 3152
4922 704
4923 3820
4923 239
4924 1734
4924 808
4925 1323
4925 3506
4926 954
4926 640
4927 3834
4927 4045
4928 4610
4928 15
4929 2059
4929 894
4930 4530
4930 2921
4931 584
4931 4336
4932 568
4932 4435
4933 0
4933 331
4934 679
4934 540
4935 2
4935 76
4936 1300
4936 469
4937 1136
4937 37
4938 3431
4938 314
4939 1300
4939 5
4940 1266
4940 25
4941 2120
4941 4618
4942 3511
4942 3605
4943 51
4943 323
4944 2855
4944 2605
4945 1888
4945 2055
4946 3370
4946 4254
4947 27
4947 563
4948 228
4948 1375
4949 3622
4949 17
4950 3551
4950 415
4951 1878
4951 2442
4952 24
4952 773
4953 1147
4953 1188
4954 357
4954 1553
4955 4658
4955 32
4956 169
4956 548
4957 895
4957 155
4958 170
4958 243
4959 2486
4959 5
4960 919
4960 539
4961 4767
4961 2668
4962 92
4962 108
4963 430
4963 42
4964 3768
4964 1143
4965 216
4965 271
4966 4682
4966 2835
4967 438
4967 393
4968 4242
4968 2107
4969 241
4969 409
4970 2898
4970 699
4971 3428
4971 91
4972 772
4972 2835
4973 3045
4973 668
4974 4561
4974 873
4975 3255
4975 3631
4976 4054
4976 1385
4977 447
4977 2020
4978 3050
4978 4544
4979 2664
4979 35
4980 529
4980 661
4981 2849
4981 980
4982 21
4982 3104
4983 206
4983 218
4984 2
4984 2714
4985 2245
4985 476
4986 0
4986 1283
4987 552
4987 67
4988 567
4988 3099
4989 218
4989 598
4990 1855
4990 1761
4991 4506
4991 3725
4992 881
4992 963
4993 1850
4993 2494
4994 4878
4994 2839
4995 631
4995 415
4996 4742
4996 4499
4997 171
4997 43
4998 286
4998 4757
4999 0
4999 144
5000 721
5000 4247
5001 4672